instancia_1000_SC
SEM_REPETIÇÃO
1000

468
267
274
695
629
667
232
229
73
942
323
918
670
811
694
961
515
688
272
52
682
644
654
91
950
403
110
271
281
74
944
241
984
197
989
413
411
859
101
278
167
735
13
522
786
439
67
888
345
206
77
144
751
502
465
98
445
442
252
460
15
113
261
953
590
188
745
975
868
8
192
20
79
908
930
499
223
423
487
824
815
600
535
359
165
833
191
357
41
217
893
71
962
758
609
919
452
326
12
728
201
561
293
328
49
498
653
137
809
125
779
158
26
355
972
718
463
572
203
569
416
111
621
428
308
160
978
434
307
787
834
706
393
435
467
981
68
322
598
805
885
351
313
573
548
250
505
672
401
470
202
306
923
671
436
58
151
311
491
209
105
169
45
294
798
176
155
21
341
969
627
399
18
932
135
703
799
952
791
48
507
876
409
801
729
279
623
836
356
963
300
437
684
218
275
546
697
520
936
134
377
309
582
604
181
47
752
519
775
63
933
251
917
657
162
821
516
663
478
334
25
154
514
249
4
459
123
126
284
567
531
347
196
66
973
240
541
525
937
547
242
3
449
991
486
172
812
205
738
344
517
10
858
116
892
376
931
90
266
285
662
556
269
381
715
386
207
857
35
346
484
533
563
421
593
617
570
131
915
557
642
228
504
140
2
620
234
318
375
848
60
117
402
704
871
382
415
714
103
384
292
476
283
43
122
370
521
800
233
689
287
219
501
633
57
643
325
32
732
737
534
622
835
940
333
50
739
842
676
586
860
935
679
783
362
349
342
186
712
721
39
964
591
645
190
286
754
661
760
427
51
702
883
485
152
314
540
639
454
198
410
5
83
545
601
430
408
477
369
707
246
777
257
580
575
683
34
231
352
255
263
816
826
141
839
664
1
99
955
282
72
46
650
785
391
302
433
899
788
374
599
420
911
790
212
926
698
822
720
564
440
482
655
145
727
425
97
536
319
438
808
64
82
829
730
471
595
555
733
312
187
656
941
390
920
965
764
635
458
42
310
56
397
574
711
559
957
462
872
450
781
7
506
825
641
976
472
956
772
348
184
100
542
998
982
9
874
503
273
518
195
780
336
810
880
199
749
929
626
88
422
817
418
731
53
995
483
338
120
6
16
164
571
513
509
247
665
709
724
740
837
985
864
497
583
222
581
373
552
722
579
619
220
108
493
748
61
538
371
585
632
938
224
909
913
891
132
208
744
239
296
11
870
766
832
70
734
414
589
457
177
895
424
877
27
396
897
968
270
114
693
258
14
236
248
81
980
142
680
841
500
388
862
803
838
873
907
830
40
588
379
544
624
750
902
332
881
173
36
878
170
640
161
115
264
762
784
828
119
592
367
949
204
303
605
951
383
429
900
166
719
185
24
304
804
958
686
59
647
971
674
618
577
44
625
986
802
631
216
17
299
22
912
666
927
146
94
898
869
945
921
992
759
93
404
238
148
156
159
353
543
861
85
723
636
905
441
489
121
118
426
480
890
742
127
789
419
797
473
678
948
753
431
673
977
796
179
947
149
210
576
827
339
537
831
939
153
350
106
76
649
448
651
646
479
394
716
96
65
700
747
19
494
773
363
882
566
875
260
846
527
916
80
130
412
725
406
886
55
214
128
539
189
461
608
235
89
301
894
987
104
774
594
321
392
327
767
95
464
851
710
562
999
755
298
776
511
607
75
818
990
109
867
856
354
230
820
660
380
343
840
692
417
183
508
37
163
813
681
668
819
147
481
761
587
549
904
966
466
174
852
150
138
652
254
855
795
914
288
845
54
405
896
924
368
879
295
611
259
512
578
717
213
366
866
687
568
954
446
225
23
447
988
395
996
616
86
317
928
770
329
528
550
553
315
124
316
850
143
584
771
289
387
551
675
215
997
638
532
603
226
378
690
903
398
243
708
613
726
107
910
863
87
612
743
193
974
157
175
814
922
906
943
474
253
889
597
691
168
847
180
291
960
757
337
901
806
529
614
853
979
407
524
523
475
290
648
38
340
560
741
615
946
102
133
400
28
565
792
305
630
62
554
596
495
178
389
865
297
854
444
492
361
794
31
469
606
237
526
887
256
182
844
331
227
385
823
677
558
488
778
324
713
763
280
244
701
685
669
372
602
200
768
84
490
746
171
884
69
807
455
765
793
994
456
112
925
453
637
959
699
610
634
659
769
705
194
78
530
211
358
92
265
451
268
245
756
628
360
364
139
29
129
496
849
262
782
510
934
30
136
843
335
432
1000
967
221
365
983
658
320
277
970
696
276
330
33
736
993
443
