instancia_10000_SR
SEM_REPETIÇÃO
10000

6316
9281
5128
8787
30
2571
2253
1661
4872
6193
4230
9981
9794
2518
1338
453
7086
794
1041
4114
2400
4250
811
8979
7534
2581
2770
2126
1153
5289
9562
515
8161
8857
7645
3939
4714
2903
9193
1081
5763
1357
2328
8086
993
3700
2273
2524
7675
8838
3068
407
1057
942
147
2027
2485
8526
2679
2231
5077
7677
2412
5442
8145
4249
2721
6104
8082
7729
499
1027
2864
1887
3517
4364
3083
3976
6238
9835
6187
4122
8085
5153
2132
327
2722
6553
8314
2095
3632
654
7332
5862
3269
9566
2140
3728
1867
8761
41
5327
1355
7619
4536
2644
751
8955
9960
538
215
5824
9670
6134
1973
6458
3368
6401
4562
5258
2015
3812
6470
359
6388
8435
4526
1609
2497
1016
3843
1184
2976
4134
6747
5159
5923
323
2575
2046
4867
7516
4160
7010
4521
8322
5537
3395
7953
620
2321
6282
7029
3112
5445
1433
8321
8615
7968
740
2338
6521
8195
6077
7924
7882
4628
1612
1167
5206
1638
804
2838
6532
5496
6538
1592
6517
6341
900
3769
9867
6345
124
4079
4498
380
6197
8062
2493
9186
5558
5139
330
3842
4997
663
6153
9421
2121
1015
4578
4685
6437
4877
9996
6398
572
1215
3752
2595
8079
4510
5216
1722
5456
2812
3727
9574
6314
5612
6096
2902
3555
7707
5784
764
8217
4757
5585
3899
4205
5104
4338
7567
4939
9206
2938
1351
7854
3584
1104
1559
3881
2199
1747
5362
2772
2767
902
7019
8430
2234
9522
6866
1835
5341
3558
1128
2242
5283
4472
7519
77
9342
6493
1005
3717
6129
4026
830
5511
5314
8870
6902
5816
9319
5190
3164
7045
321
967
1653
2846
1582
4337
8014
3552
8139
9045
5655
4725
4421
8888
6713
5993
353
9774
9436
2920
5971
6073
2024
9686
4507
4478
8316
3613
3070
4821
4927
3046
378
5443
6746
2017
8638
2192
2127
6212
4640
6274
3888
3966
5500
2701
6594
1136
7141
7564
8697
1613
293
7698
8205
1931
3193
1379
8064
315
4680
2535
911
1360
8824
1120
507
5739
4341
5023
5480
4932
5504
1266
675
3123
1851
8975
1491
2588
312
7117
3595
4602
5207
8926
2499
9493
4581
3534
8406
3246
9101
3413
5955
1160
6429
1701
901
35
5523
4151
1669
8640
6207
6486
9622
3404
3521
8921
186
3483
2880
958
765
2895
7486
9665
3615
6707
7232
2601
7379
1629
3018
4922
5056
9847
7070
2023
6839
5837
5457
1092
5186
9535
2035
8578
4522
724
7085
9016
6487
8477
2852
3813
4909
8057
1502
7626
6239
7912
7390
2298
5657
7540
464
8654
43
6410
2592
5522
1372
2950
5957
2566
4489
840
1976
4956
537
7161
4274
7725
5748
8412
8498
645
6915
4921
1172
2751
8507
2066
6165
5715
668
7889
2835
6970
1933
4143
9007
8331
1285
2492
8853
2201
6288
2264
1634
229
4346
7093
7413
6163
6237
1156
702
4750
2970
2336
8299
1854
7944
7022
4064
6254
168
1282
3196
6415
6846
2733
1593
1904
4592
1798
585
1074
2374
8742
1162
9773
6269
8843
4919
6199
7575
8741
9022
7149
7420
7419
3661
1384
1906
6140
4051
5441
966
4674
3875
1111
3854
1279
3510
4131
3958
4771
3360
5572
4020
6609
3816
8480
4844
3232
3121
1764
849
2962
4850
2397
7916
4097
9372
2476
3523
4348
4924
4232
3802
2290
1940
9432
7112
9459
8551
4173
207
3012
9739
739
3416
1838
8520
6848
5390
1125
977
4201
1190
7860
2630
871
3764
2005
3551
3042
4828
1272
8309
3030
7513
2536
4809
4808
8822
9417
2128
2942
2303
6045
2844
5877
1761
8974
7487
7833
1281
8512
5275
2487
7644
9414
8769
3874
2608
2860
5942
2966
6400
1278
8249
775
5826
9112
548
6281
5757
8468
4240
5516
5025
9200
1472
1341
2877
300
9897
6068
1273
5562
8438
5122
4733
6972
5107
6123
1264
2443
2549
3629
5284
9839
1583
224
2159
8553
2822
8747
5861
8401
3099
6712
3825
9482
4092
8681
9292
7313
1989
985
6253
598
2522
741
7100
7682
808
3455
2821
1394
7031
92
6668
774
4335
4246
4359
2729
5339
4087
3180
3917
7821
8733
1594
6329
2927
762
7248
3670
6262
9632
4304
3549
5196
1274
5334
9519
7710
4380
8364
6620
3505
5818
10
9231
1680
5378
3927
8291
9094
3299
1937
8432
1924
3822
7039
5605
5033
5167
3061
2981
8121
2668
7699
2640
582
7156
4491
1818
968
2761
6268
290
2313
3122
9139
3701
4615
1020
6786
2054
7739
9142
3194
4558
5391
7322
6348
6744
1479
1772
4352
1779
9422
3140
2947
2327
3643
705
4889
6393
1085
4784
1792
1880
7852
3317
8449
8844
6647
4030
8099
693
7354
1617
5948
3631
9883
6817
6788
1815
3773
1538
5129
6692
3075
8557
9166
6214
3077
1754
3686
7312
8396
6729
7721
7214
6857
1296
5925
1614
1776
9174
9075
7975
4490
2845
9212
9882
8403
1823
5083
173
3329
2715
1737
4239
1974
9121
6943
6710
6339
6520
2494
5981
6209
4354
3811
1954
4091
6931
9786
7799
6511
1450
6135
1982
5597
6745
1232
1228
9001
2155
134
428
5301
1740
3015
7858
6681
1690
820
7445
2426
4159
2825
1882
5690
5440
5047
9120
9646
8776
1208
520
2730
2890
4138
2287
1618
9746
2958
4440
9965
5745
6579
707
2473
2390
1485
3647
9433
1595
8521
3423
3536
8177
4420
1622
3151
8277
893
1589
1993
1551
5464
6990
7902
8540
1333
2418
6513
5809
1107
4912
3125
3367
8879
3515
5435
3442
6945
2768
9899
1733
5642
869
313
6137
309
6602
1959
8285
2480
5910
5768
70
8569
4530
3270
3676
5388
4873
5687
2986
4396
8791
6397
1686
8863
2635
3823
2528
2948
7038
5483
1523
1743
7593
1344
5120
8773
6386
2935
5661
1316
3657
7424
4323
9335
7771
3441
3327
2787
1304
5428
1325
2926
3138
2211
3791
7654
6735
5790
128
3344
852
4500
5800
9202
7766
7073
9494
1929
5876
2350
9215
3971
102
4696
7662
1571
6313
4486
5569
381
1573
2176
4196
7562
7977
7752
9866
2888
5205
7268
1445
6264
19
2398
3931
4157
151
9180
6783
6286
8174
7191
4075
8693
2069
2372
1391
4976
5786
5199
4001
9587
8798
2421
8065
5185
6806
2842
7598
8910
8703
726
4736
661
3776
5371
1449
7578
998
2104
579
8355
821
5432
5875
1520
5415
2673
7713
6946
3190
7695
7042
1534
2957
6708
5772
1202
5326
9297
5935
2672
4132
890
2619
9666
9798
5454
7185
4171
181
3537
1210
1458
4545
9162
2704
5260
4127
6979
3525
360
5570
934
7865
6192
9948
1579
1545
8467
1729
3809
8890
4831
8268
7524
5328
4621
3302
2574
4083
285
9
855
2407
7206
9440
2573
3905
5901
574
3434
2179
3485
2789
2881
8447
8662
3601
994
3147
6383
2378
3755
5204
2037
9044
5000
8148
1498
2980
7531
9283
6448
6491
9282
2744
251
4814
9472
1342
200
9936
8801
8375
567
7789
7744
2471
4673
344
1581
7794
1809
3156
9132
5741
4306
5514
3240
9918
5229
5100
4090
5194
6739
8743
8868
6715
5553
2663
2911
9885
2245
8326
6273
3792
6631
2585
2596
7913
9466
5044
2813
5949
1260
495
4502
6767
2145
4322
4245
8625
7993
2269
8437
2820
7207
9221
2310
3986
2875
5856
5767
4344
8372
6861
7455
4289
467
8015
1716
3053
8547
2979
382
648
7274
3743
9604
4372
9113
2731
6362
3608
2589
3062
7468
4942
7995
5038
9684
2086
5964
7167
4373
1209
8405
6698
7252
8153
6392
626
1575
9127
1358
3233
4125
7614
2757
8816
79
2638
2626
3956
9059
1856
3289
7851
8455
8543
1922
7153
7340
7234
9749
332
3628
4689
3696
6285
1009
7028
2007
8158
4329
3475
9149
1314
4760
4010
9003
3212
948
4450
5463
3865
4636
4000
9570
3953
9992
9721
4028
9048
6700
9710
506
4938
7745
80
3582
6124
9874
1963
653
4861
7520
6349
3407
8770
5565
5573
9636
2617
233
2160
2215
6648
6054
8993
6600
4407
4652
2345
8848
3119
494
9997
1878
9676
1788
5054
7919
2728
6327
276
6004
3831
1346
5012
237
8324
8995
1654
568
2045
9427
8659
6152
2512
4892
3142
8048
1214
8646
2610
2324
1918
8912
2521
9679
7136
7594
2147
2371
4967
3019
3866
2187
8730
6837
1131
5404
6669
5781
4185
9114
6661
8715
4253
3435
1795
7560
4036
3078
9172
8419
2944
462
789
46
7855
268
9693
2323
217
9478
2295
2257
221
2580
2079
9763
1507
2697
8181
627
3674
8446
995
2594
8896
9359
2154
792
2488
9851
2973
242
2828
3356
6984
2584
5220
2097
7590
9701
9063
6297
2826
4152
7453
6495
2662
2249
5651
2278
4800
2113
2459
1470
7554
7606
8682
5475
8560
6962
6082
5147
9122
5099
9442
9329
1996
1019
1329
3990
4767
6689
3449
5588
488
7657
6231
9990
700
6224
2088
3806
4934
3973
6488
3900
5405
5847
6387
9687
8491
4888
5926
9058
4851
1265
6462
5710
2198
3828
571
3968
4294
5481
4897
8361
4655
870
1064
5915
8570
1533
2394
9475
8676
6939
8135
2687
2252
8098
6704
9131
1291
8479
9447
3128
2208
9583
607
4123
7064
5236
9294
1270
9929
6854
4995
1243
4183
6551
8124
5987
5494
3325
8096
4998
9262
1828
2448
1702
2206
5316
438
3074
1689
1359
8078
2600
3279
5343
2142
4088
2153
4483
952
4898
3111
9869
1530
4153
9673
6540
644
97
3000
1586
8212
3171
7159
720
2305
1756
5663
8439
9581
6350
7114
9416
1814
5088
5622
8812
7223
256
350
3454
2509
368
1939
7526
3072
2271
4044
3882
1288
2994
2055
1805
8142
5065
6093
4856
4587
898
5593
169
9864
1703
9647
4181
6957
688
6883
796
6133
2420
4316
4803
3807
1465
8354
9752
8229
5990
345
4182
8510
1739
9147
4375
4462
3832
1145
4481
6226
7281
333
2387
3649
5429
2016
5497
9699
1229
6235
9168
3234
6535
8613
8559
4165
3271
4701
4162
3191
1010
9657
9834
8639
8858
8626
4327
6782
6183
1144
2739
7041
1499
7174
7673
3871
5978
8894
9614
3215
3340
8630
910
113
3763
2003
2393
4769
3155
3067
5956
7392
589
1078
3175
1152
3244
4660
6443
9084
4005
6832
4727
4286
6950
9043
689
3942
5549
2401
6677
9448
4363
4758
7659
1819
6363
210
7451
4834
6039
2435
2103
2510
112
2067
4042
3161
130
7498
3943
1876
316
1890
3995
4756
4875
8201
3739
1353
7421
1636
4496
9999
7292
3712
6813
9336
1858
1490
3803
2736
9548
4572
2293
5430
3723
9276
3379
8377
8101
5846
9000
8874
2203
5853
5596
3357
4225
1935
1972
4807
1853
3498
978
4552
2452
2801
4626
9041
9875
9074
9452
3684
1912
7817
7838
6159
9029
9971
5545
8504
588
2893
8577
6337
5625
2369
5883
5985
7065
6278
4066
4208
877
1832
5209
7979
3744
5812
8033
3303
1241
5355
2996
7469
9450
1087
7862
2449
3341
5685
3602
5057
2205
5449
6637
1625
1536
4105
9066
4315
3614
5797
182
9660
7383
2032
2440
1569
7961
3168
930
4741
8531
5994
8537
1875
8319
7728
3421
509
4319
6206
4085
4324
2776
3607
6973
228
2503
3282
9926
7179
5769
5886
947
7068
6359
4711
673
1991
8077
9568
3285
3894
9555
3985
6106
1710
1034
6290
5338
2694
9464
2548
4003
3199
387
6787
3591
3702
2019
3857
1174
3753
7942
7523
5016
3796
8114
7506
6067
744
9616
5145
250
282
299
4424
1665
2251
5363
1509
3402
5105
1456
1799
1164
6444
5879
5821
95
4635
1863
7280
7318
7437
1885
3419
6162
3066
4607
9314
7231
5010
8126
2170
5271
8417
566
7881
6958
4971
1462
9664
7473
4307
7404
199
4047
8425
2236
8694
4876
5536
5538
3188
5766
6321
6949
446
6119
2693
8810
4766
3879
1995
5439
5601
9988
4813
2122
545
2399
7071
1985
3889
4409
9305
7323
5425
5285
9613
1442
8180
7341
4445
3800
2386
7241
6311
3928
6615
1129
1525
9413
2467
24
1028
7667
8386
3216
2188
4944
6763
8661
2593
5347
2788
559
729
4943
2982
895
6971
6966
3624
4212
3104
4115
9293
342
8862
4002
1455
4983
6457
5873
2325
4340
2261
8058
5512
26
7837
319
7132
3238
1789
9904
954
7641
1975
4494
1728
7576
3895
6586
1059
4963
622
6409
7169
5274
8052
6405
4570
6117
3560
5699
5845
9390
5968
9117
6935
8635
2507
3320
8461
1221
8997
4374
6618
8244
1469
4393
2051
3081
8160
5664
3087
9184
854
2277
2014
8897
6694
9327
5716
3540
7753
1161
1539
6324
2195
7244
6275
7895
5823
2814
2048
3210
4292
52
4331
9805
5447
3129
5936
7938
3766
7706
845
4638
4433
3471
6845
6322
7063
6076
460
806
2111
7857
8168
5718
3989
8964
7615
6558
2352
6176
157
3911
6819
2759
1561
3503
769
6907
1631
2874
7168
9144
1271
3975
7356
5421
5452
118
143
1432
3780
3801
2843
8880
2498
8572
3564
5897
5345
4731
9799
9815
4681
2158
3429
9703
263
6012
1827
1247
8495
7688
1712
4964
1920
9540
1909
6138
8934
561
9369
2930
5683
5619
271
1195
7780
2839
1711
759
4333
4032
8352
1139
3318
9596
2795
1350
2719
7077
2932
7090
5448
8915
892
837
6318
9477
1198
479
5817
2451
3307
3559
7931
4332
275
8527
4018
3412
3938
2612
4778
4863
2532
3929
3116
3411
5307
6963
7
5078
4566
4195
394
2749
126
5827
8846
5356
5187
7103
8222
2210
3141
8459
7668
7583
7921
9196
2871
3898
3782
9650
4480
1068
2223
165
2925
2441
1503
6016
47
7311
2696
5891
2413
2879
2331
5466
5160
148
6343
328
2943
318
8384
3746
9591
4073
21
3330
2504
7305
9285
3783
1496
1781
4743
7033
1886
5705
4397
9496
2038
6514
8055
6874
9420
6100
9812
3088
5568
6425
4790
9187
2379
650
6635
6643
4376
5403
677
3027
2259
9777
9434
3592
2068
4443
9956
5166
521
8861
4966
5408
1300
5874
9976
4176
984
5332
3038
1268
5035
7327
9726
532
1200
4277
4328
4106
3444
6812
4458
125
1704
9480
8935
9696
2250
2643
5218
5036
5519
6877
17
6020
7184
1460
2183
8565
9601
6384
9009
1864
2869
5649
9732
5400
4773
2561
7906
9610
7736
8122
5228
4270
1213
5372
1990
2985
6245
1817
8511
4928
7202
2025
3738
3207
1562
3170
6394
5723
9411
9785
5376
5582
5134
8460
562
8090
3909
3740
5947
615
2377
1923
7876
3513
4180
2167
8591
3760
3181
1061
3410
3705
6996
3243
4728
6687
4093
8239
2923
5503
9312
8575
1768
6798
4817
3984
8944
9076
6938
5066
9744
2827
5639
2461
3328
1913
4583
2624
9939
5805
3333
9594
2292
9813
3754
5255
9257
3248
8204
5851
3488
3415
2677
8424
6017
2207
6014
9005
7384
5740
9357
6641
5713
4444
4744
1042
7441
3512
3650
5329
826
5773
9863
1833
2762
1301
6662
7380
8349
277
9124
8989
6585
4617
3160
4561
510
9249
5620
4233
320
9733
6130
6053
1481
2098
262
4951
4730
7684
1749
2260
4070
2464
8266
8112
5917
7870
9870
4799
9243
8039
337
5340
9888
1760
4916
1997
4191
9023
6768
8165
6616
4859
9106
3994
83
5535
1606
1459
5053
964
3267
6640
3867
4422
3117
7792
6523
8789
776
3371
6296
9021
7839
9364
1994
7226
4293
6998
4161
1986
4519
1323
5103
1380
7640
3139
6367
1651
1199
1138
8393
2309
3277
4740
4330
833
5007
8845
5918
4801
7359
432
3767
9761
6309
2955
8898
7129
1897
2710
8992
2779
5049
9804
9070
225
1295
9503
6777
5631
7489
3718
7043
6331
3617
7034
7738
3034
800
4037
5109
6843
879
9577
7982
5867
3184
7599
7572
2110
3890
2537
5961
6181
3288
2725
8966
4470
7385
3983
3391
3281
5988
2120
2108
3864
657
4960
4759
87
7395
8072
4226
4116
5581
8454
9309
384
7785
3954
1745
2406
1345
7712
9274
5313
2753
1453
5003
3861
2348
1763
7651
5967
1328
2553
8080
3507
551
4216
641
66
7676
5195
7405
1784
7199
4460
3495
6335
9054
3708
1605
6046
5563
6481
4389
814
3970
4129
9096
3432
583
656
1306
6794
4959
3648
5530
1327
6098
4377
6683
2671
8724
1252
6307
7864
2214
9242
4282
5234
9983
6791
5009
8721
2884
761
194
4394
425
292
2655
8672
7259
3392
1688
3044
3820
7573
4539
4688
4355
4663
5161
3049
9469
2039
3295
5488
4431
6319
3022
9901
6259
9362
362
13
2867
5727
5392
5903
5406
6995
4395
8408
9724
721
9375
7643
5495
5131
7442
6999
1813
5747
7220
909
8711
9153
2910
9524
8211
9487
7147
1439
9060
6709
6418
9713
7980
8156
5869
3662
7466
6974
8404
4112
6928
4791
9690
4547
7701
6731
2432
3683
3093
3403
9182
8722
3051
4238
7521
6484
2896
7830
7382
2676
4670
7122
8450
9848
5626
8836
3711
5617
9497
6132
3685
6590
8332
3904
4048
4606
3001
5032
7777
7741
369
3041
6516
7634
4577
8971
6276
1568
8933
8353
218
7107
6855
1773
3862
4035
5123
7201
6059
4321
371
9828
5004
1721
6547
6911
6242
5106
6205
3026
3747
6244
4890
1615
4770
427
4627
608
7678
7691
6389
4488
2029
7642
743
3757
7072
2001
1630
3008
7650
1245
9451
5248
3509
3085
236
9589
4417
7696
2780
1189
8258
939
2353
3585
119
1339
6533
5616
4676
6528
9780
2572
4724
6303
6947
1510
7874
6188
9385
6830
9086
3830
4086
8961
3381
9209
4334
9093
3519
9572
4390
3872
5997
7459
4167
5635
4940
8051
6351
3912
5024
8012
8500
6018
5022
2908
2817
5974
8705
8579
9819
9823
5546
5729
1489
7492
7049
714
8991
6369
1955
513
3297
3836
1971
5394
3309
7630
8590
8535
5907
4738
7834
5580
3611
6354
4614
8095
7200
6991
8677
2750
2197
6978
9820
734
9878
1718
7337
6732
8757
413
431
3664
1269
9931
7287
6965
991
493
4905
6191
3021
142
2565
4948
3860
9025
4398
6987
7504
8024
3272
4113
8588
5919
3840
2031
1825
1447
4797
3266
4753
4130
4265
8182
3451
2425
3571
5760
1395
8069
3833
1738
2824
711
5954
8587
815
8928
9271
9337
4050
3484
8847
5165
1757
3319
9708
3576
5072
1709
7403
2847
3165
7020
643
2953
3790
4078
2621
4459
441
4708
2186
1386
5318
5770
8799
3211
4223
2040
8042
8601
7709
22
9181
6925
9602
6810
3622
1124
6604
6055
146
5005
5060
1182
1852
8230
2233
5868
4534
1113
2857
7705
2326
3583
3409
502
3561
4973
8652
4505
6445
331
2764
698
5017
6170
6584
2734
1965
8374
7522
1580
1366
1396
4649
3932
2151
4949
5542
8306
2359
9403
5871
2654
5308
8976
4616
4258
7044
8514
6427
2089
4385
1178
8503
9247
1099
2781
3036
8956
5048
3359
8378
254
5309
5849
9310
3225
7798
3306
346
2075
3445
8538
8987
3443
9085
5240
9194
7164
111
4787
8275
3096
7732
8224
6225
9295
3941
5148
2339
962
8340
9462
7723
4133
411
9638
1699
3918
4675
9795
5478
3678
4544
3902
6007
1874
7246
3974
5922
974
9887
7910
612
2854
5102
4229
8958
4588
3250
5179
9731
638
2917
8781
3103
5294
5303
3401
3179
7832
9014
6823
2991
135
4204
5384
6696
3025
530
2500
5832
5417
6944
6228
7144
8350
2862
7355
5
248
6717
3692
2229
1421
1804
6680
4119
6404
2363
5069
6114
3187
9925
57
2332
718
2182
7027
6421
2232
7742
4713
7210
6575
1149
4531
525
7399
7488
4021
1837
799
3201
745
6959
6722
2437
3732
8049
907
5509
8199
9393
5093
1919
7238
4503
2998
1708
1601
7431
1045
9792
7618
603
6597
358
9547
7591
6342
1246
8819
2268
2041
7176
1392
6029
6360
3572
1186
1286
7166
2070
6599
7899
9296
5419
6293
2308
3241
5682
9173
8018
4739
2460
8865
7669
8163
2683
4015
204
3645
2590
5021
8061
9807
883
7481
7992
4144
1443
7960
6596
3491
5317
7664
5265
8179
8368
5409
7801
3009
5157
310
5453
103
8808
5197
2647
9018
5913
4825
5794
4140
8871
5783
5578
5671
5751
9609
4590
2365
8660
2395
2294
3673
4936
3924
7446
3798
9697
4402
6654
170
3518
2591
1133
138
3720
3377
8664
3346
3073
5627
6525
9719
8155
1950
3016
4347
2806
2123
4052
7094
9607
7407
4904
5676
843
2074
5484
8305
7367
3681
629
8221
7175
5618
7458
4618
5979
2364
7389
4290
421
5819
3697
5804
7021
8573
410
5288
7300
3052
7476
8840
4645
1463
9826
2713
8231
6108
1114
3955
152
1475
5898
4747
3428
4388
2978
3466
7719
4692
137
9253
5592
5348
8363
6571
3230
246
2686
505
7198
7976
6120
4965
5777
3090
1227
7361
6469
4121
606
8740
7793
8586
4650
5034
4931
4406
3903
3220
2540
5796
4826
4082
5986
6234
226
5364
8193
7727
4188
4298
634
728
9775
784
7346
4991
454
679
3869
912
6721
6202
9270
5722
6426
664
260
6366
7282
1953
5744
2988
6622
1098
9712
5652
8796
6270
3967
6825
9097
5008
6638
1845
3296
5717
872
5694
7449
9560
2204
2675
2392
8250
4318
4512
6149
1563
4299
5737
9439
906
5944
480
9320
915
7447
3107
1230
5164
4953
7885
4610
4345
8746
7215
2
82
1370
61
8345
1643
5276
2148
8267
4242
9423
8200
3876
4326
4499
556
6175
3636
6927
6464
3326
9737
660
9415
1334
3158
3962
8916
8030
1155
9551
5132
1371
8170
8253
2554
7310
9930
5019
9599
1770
5385
7582
2463
9263
2660
1984
5096
397
2909
3176
5027
2243
4275
5143
7878
44
7439
2899
2486
973
8067
4474
3242
7299
1267
8718
6556
1981
6474
347
8548
2563
7508
4857
5493
4752
7505
9315
2166
9123
3616
6871
9742
6510
4447
2856
8580
2793
3663
8744
6333
8499
4596
7343
1102
6042
2803
1735
2368
4716
2275
563
1879
2689
889
3260
4667
4671
2202
9760
1610
1930
2972
3721
9224
9489
6658
9893
7808
6026
2995
198
557
3660
3923
9238
2912
2558
3877
7683
6185
3261
3690
4582
7911
9344
1014
1206
6611
6064
9675
3915
8189
3598
1244
8073
6251
4263
4179
5245
2568
5524
9756
5059
7835
6567
8596
1870
8410
3926
1193
2100
1943
5192
4868
53
5780
245
5259
5848
3149
3808
5352
4920
9689
7450
1649
1894
6980
1218
2355
6155
7714
5529
3280
2919
8337
3047
7542
6989
265
9993
6789
6757
9062
222
3173
3618
4069
8388
7257
1259
4848
5433
2296
9517
253
8948
8981
9683
778
5125
4786
8563
8420
1847
4542
8009
3223
6792
933
6476
1658
4893
267
6566
9275
6756
1513
8875
2408
7616
2477
6442
1165
6634
1320
7565
6110
6908
4895
3581
3651
6814
2546
528
6818
7945
7023
7427
5608
3105
9012
2281
3548
7991
5015
732
3334
107
609
3770
649
1759
8592
2002
7089
2423
2405
8829
379
7897
3227
2688
1011
3964
6977
8257
5584
4629
1978
6460
3291
7315
4312
6847
6
2800
9499
3856
1185
5555
2564
1116
6891
3014
4049
6160
6112
2456
9143
4749
1023
4662
9437
4350
5753
4399
8188
3459
6926
7875
8184
5703
3979
2114
6505
6146
3756
9272
8690
62
3737
2652
3677
2381
3426
5246
74
1142
7193
6459
5176
2738
258
4219
3310
5656
6424
8414
3257
1893
5242
6302
5695
1130
798
7393
6568
5064
469
7967
680
3969
827
9711
6981
3817
2220
6920
4795
376
7658
1171
8198
4906
1477
1157
7873
5223
4013
4548
3461
5251
8644
2078
51
4379
8233
7958
422
6294
8809
7932
4369
4387
508
1656
4732
5344
4193
9871
1022
5808
2414
9762
3469
4405
6598
4243
8246
8476
7841
517
829
120
1049
4276
1839
8731
7369
1217
231
6774
5269
9376
6167
6910
6144
6623
6221
687
8717
7092
7987
6006
3274
9722
406
5707
3369
7517
5765
7255
5473
586
2990
4009
4059
7779
4094
2300
7482
8901
9354
101
6628
9619
524
289
5857
6131
565
9163
163
4022
8645
4979
6960
9160
6769
6071
2913
6258
3768
7475
4300
873
4672
6519
1141
1532
8825
7417
1381
4430
3039
5801
7700
3547
9053
1033
9832
2906
48
2092
7595
9311
4248
8698
5180
2299
5669
8360
4527
4305
9987
6573
2478
6976
4080
6802
3577
3787
8800
7797
3707
8902
4930
6685
6822
2538
6033
3252
3642
6061
735
3183
161
8242
9158
1428
6156
4838
886
758
9677
9843
8240
9884
9951
8549
534
9928
2742
377
6913
2087
6266
4550
8911
5020
7985
9751
6541
2090
5498
2876
261
4882
6075
1604
2823
5815
3726
6456
9642
1309
6446
8918
8330
8392
5183
8835
8373
9963
4952
5477
971
403
6150
303
6754
1626
6070
5198
8878
1802
5156
8855
436
8889
7443
408
9735
2194
5090
9317
2454
6471
6862
7134
9854
9770
9391
1046
5254
1071
9351
1633
9373
2807
219
3308
3680
9201
5599
6942
2291
6671
6139
2297
9156
5638
8280
5858
5965
5547
2542
7189
7030
7941
104
42
7604
4865
2009
1724
201
1820
6870
5506
8288
9356
2143
1063
3829
1527
341
6189
5554
8102
8453
8011
7803
6190
782
5840
8972
2841
6779
7867
1191
2832
4383
1713
5658
6361
60
1707
3999
1408
4549
9667
1192
3855
297
9303
4620
5297
5835
2921
8564
3013
1549
6477
7747
5606
5336
9822
86
3759
4996
6346
3845
279
8143
2465
9069
4260
3159
2714
9994
6227
9745
7162
1004
7605
7006
2863
4823
5468
4071
2559
4984
5839
6035
5416
5726
9573
8508
9039
6906
8251
7825
7249
7686
937
4833
6385
2060
9431
6320
1297
7842
8334
255
5358
2431
546
9886
2483
1596
2447
1696
8786
7807
8720
7760
8464
9179
7494
9506
1504
7532
1720
9061
9962
7773
7326
8397
4704
3131
227
2096
6527
5380
2547
1519
6524
5721
9704
5728
2076
4668
8519
4651
7474
7679
802
2318
5374
2598
2901
5177
7412
9408
2280
856
6222
7264
49
5351
12
9371
7757
6062
5462
7596
9280
9358
6526
8059
3127
4719
370
1977
6490
8357
6263
4568
5921
8023
1514
3599
355
6204
3494
1431
2209
5422
4435
3535
6534
9277
4697
7425
621
1362
9267
9953
1602
1143
2358
1898
3024
8294
5325
324
6543
3157
766
2034
7848
4775
4597
8128
6310
4925
8287
7047
970
9653
9378
7984
5476
5793
412
4451
988
6094
4761
6842
3172
5225
7989
1331
496
5278
3885
6734
2797
7680
6480
7139
6820
2618
7190
9544
6194
8699
5610
3058
9750
36
5154
4199
4622
440
2755
7366
2967
212
7378
7791
1540
8087
141
6298
859
2690
7233
6764
8668
4100
4367
8076
7125
5040
9729
8837
8110
1201
9957
3719
9250
4702
1183
2529
278
7415
7336
6379
5702
5055
5931
727
2181
2778
3342
6479
6086
6903
1084
2357
8702
1945
9374
5330
1008
6136
7477
5905
5375
8585
1412
9083
8973
9318
8675
9198
8465
7104
662
8984
3944
3106
665
9057
3425
5200
9068
613
5366
1769
4361
367
1330
7095
1430
9080
4945
1374
3134
5262
573
1364
8007
9824
9230
591
5667
3007
7295
7871
5571
5980
817
8279
7351
4039
5091
50
7148
6435
5776
5528
430
6690
1378
666
8859
8728
9797
338
8528
4955
4802
8008
1727
9171
4302
5792
6766
7037
4215
6988
6249
2868
6795
7440
8509
4392
8183
4168
4057
8091
3347
6454
3397
7920
4415
7884
6024
8756
4811
6675
2819
1226
3996
9959
1676
6572
1599
8371
7126
6256
442
5092
595
5465
4197
4665
3100
1916
1454
7170
5872
6863
4573
3045
9810
4869
7124
6917
7647
7278
3545
7183
9245
9764
1175
4186
470
5041
2484
8696
773
3533
7850
779
4477
2887
6499
3069
3209
5600
4894
4712
770
4878
6880
1072
3490
536
471
6879
9424
6047
639
429
9933
3236
9498
8169
5082
5698
3418
3578
8017
2033
1967
3082
4452
5237
6051
2796
7217
9441
9333
2866
4362
6267
5437
6097
4735
8882
7062
9220
8755
5084
8642
456
5900
7514
175
2344
6210
6577
7219
713
5501
3703
1013
5774
8120
4194
4147
8310
5591
8814
5203
8191
206
4683
6063
5660
1850
9811
3916
8792
593
7620
847
5470
6260
1231
5213
6032
4413
914
5670
6601
8276
2513
501
9984
1966
1137
3254
4556
1881
904
1052
6353
9049
2219
357
6815
4465
5061
9339
2116
3734
423
8752
8141
1501
6277
923
8259
1249
1782
1555
4630
6504
5257
7058
5628
943
155
7444
2849
9829
6828
6660
6542
1233
2794
9300
786
1683
4358
3114
6824
8457
6450
4303
2424
5299
5531
1461
3914
8734
5738
7943
8284
975
4118
3504
8970
9394
6719
9208
8172
1674
1437
596
4019
541
7120
5833
6889
7394
6876
6603
1627
7907
1251
8842
5399
9954
8245
1859
8185
116
473
8760
767
4222
8729
3594
4428
3174
7309
2648
6933
1542
1682
5482
5932
7409
4980
5279
1546
9428
1361
5170
117
7017
5320
1066
5589
2445
960
7024
2752
1464
9192
6145
4819
3526
2384
8032
5450
4495
787
1405
8771
875
9239
3919
5844
7935
3152
5759
1435
881
2870
2172
9973
457
8725
9738
4902
8019
6355
8494
5302
2411
4523
1816
7805
1522
8710
831
9709
736
340
8347
336
4870
7076
4537
2859
2444
4108
7368
5381
1692
1506
5577
5590
3758
9150
8945
2726
274
3080
9914
3247
3153
7826
2489
7823
482
4256
4410
3496
2373
1207
4969
1855
8685
3655
9392
8312
8767
1150
9757
5836
8616
518
979
2727
981
6503
5227
6881
7364
2453
7786
3568
4038
4644
5859
5085
9898
8053
9176
122
5711
5756
8502
7836
5533
3502
7273
5688
4999
3669
5909
7652
5502
6738
999
8304
1543
1917
8904
757
5672
8274
1808
7079
5474
917
6728
5062
4779
888
9778
6887
2125
3586
7078
272
824
2924
1910
2931
1648
1500
6676
5822
1404
5458
659
6955
3777
6679
305
8600
5889
6770
2283
109
5241
3722
3256
8256
5938
8272
7715
672
9104
1402
555
5382
1203
3226
1100
1434
3959
8308
5731
8877
3621
7802
7203
2892
9545
9853
39
9382
8518
5736
3453
5252
6219
5564
1667
3691
2304
2785
7003
1987
3355
6091
2576
4661
5975
3345
3668
5587
9502
7965
9397
865
8194
8442
8940
6334
3043
4054
7098
7872
9771
8329
3182
2786
8270
7180
8583
8714
9705
1091
6037
1051
9241
1420
7813
8574
5972
8004
2458
7333
4682
5029
686
9539
7886
6748
3714
1639
6105
6803
5431
2971
3610
7589
270
9266
8977
6530
2383
6040
1659
5746
7937
5914
5037
4729
6760
7622
7007
8893
1302
6875
925
8236
3710
9556
1132
1857
5567
3237
9515
3456
4706
6581
6563
8852
6357
6673
1163
3218
9945
4403
9138
9088
2983
9217
5644
9768
564
9645
390
445
3400
4006
7859
884
45
5621
8292
5118
54
2434
2552
7670
8636
7105
5492
6373
8736
9479
3748
2882
4029
3448
4045
1413
8066
5286
2105
7761
9877
4847
8215
1796
6574
7463
4442
9287
8317
1224
5668
8960
7269
3339
9924
2560
9234
2044
2265
3606
7998
3120
2855
848
938
9818
6417
6610
2173
2189
4493
5290
844
8103
3818
2627
7535
9145
5163
149
7533
6693
5138
5368
529
5946
9073
8506
3810
8604
8113
9237
9370
8150
8542
4441
7083
4634
8925
772
3386
4336
7768
65
7099
1423
4782
7320
6433
628
2136
3263
9891
6807
4658
7195
32
7629
6412
7118
2433
9284
9880
7230
9125
1492
6292
241
2508
835
4515
1076
5499
1584
6013
6605
4288
2436
220
9659
646
5735
8254
7221
3110
3704
5247
8864
3672
3920
6975
5561
8653
8765
3462
5335
6500
8171
7959
7815
8391
5963
9040
1640
5253
8637
4027
3733
5438
3396
2217
1112
1687
6272
5762
6447
5436
5544
2723
8532
2569
7000
8452
4384
34
3481
8146
5505
6730
9363
3858
1752
7048
298
1521
4705
4677
9649
3003
2907
6758
5114
3235
3553
5983
4137
3824
497
3059
6655
5235
7430
8833
6223
8980
7284
8804
9979
7547
7005
6416
9640
9236
1089
1134
3891
439
8075
7971
9252
1841
7612
291
7330
4569
611
5173
6300
6784
986
3529
9534
3689
455
7925
3562
9730
625
8691
581
5834
851
1466
8919
6036
9334
6243
1860
2446
7869
3698
9600
1493
1964
4918
8290
7397
6607
4207
9107
1936
5939
709
5850
2276
4177
9643
2193
9461
4946
3997
5843
4555
1119
4516
6522
4513
5238
7222
108
9338
6066
7733
2698
3731
8127
7229
7507
6582
1482
1026
4866
2545
1235
5172
6720
5665
6544
5472
2085
4571
2502
6537
9850
3910
1188
5928
2482
678
882
5360
9943
296
4504
4366
2320
6147
2756
1436
8990
5151
18
6714
9449
6591
2783
7558
4575
3293
4632
4691
6752
6736
3352
6997
4553
3557
8758
9321
4058
2873
451
6141
5367
1393
916
136
2177
9911
8544
9741
6177
1079
5749
1758
6422
329
8342
6306
1956
7135
1025
9781
2061
3603
1734
897
2878
742
8318
4150
7074
7438
8074
4717
5733
4781
1117
4386
1006
8351
8903
1883
584
2799
5838
8421
244
2174
4095
696
3659
9881
106
6727
1368
2885
9633
8793
9105
3264
1812
4416
3596
4200
3084
7909
1567
7585
6154
4720
4843
9313
3848
3221
5684
5855
3878
9655
1550
4646
788
5214
2228
919
4837
4217
3420
7988
4565
2239
4986
6304
8766
5395
4004
9031
927
1040
392
2993
8106
90
5992
8839
752
8463
7755
6164
7060
2011
5323
5337
9597
6381
2525
1705
519
1400
2709
5322
4423
7285
7633
4538
4154
7307
8005
6885
8584
7240
2366
1952
4172
4467
4055
3543
8293
7501
9226
9035
7265
7052
4913
1426
4855
1865
3458
9036
913
7012
5761
7228
552
4788
3464
8451
7242
9507
203
4935
450
3394
7918
4096
7901
2101
7587
592
9467
3452
9961
4434
5906
6038
1258
8137
1899
7408
4623
3390
1196
3688
2169
3470
1037
4043
4339
4209
6009
2289
6953
89
1147
9484
3301
2653
9567
2898
5071
4768
990
7843
4700
6330
7653
6936
7530
6118
5933
2815
5304
708
1237
8716
6552
8650
6865
1771
2130
9470
4842
7396
647
7434
6923
2850
5810
6374
1969
6027
9982
9872
5144
1484
1811
4780
7978
7106
9595
5882
828
5434
1570
2987
1693
920
214
4342
3784
2490
2402
5614
9968
6126
2438
9980
1517
1250
2047
2515
8402
9190
6482
8428
8881
1030
483
8123
9788
8658
4437
2629
8434
4471
7454
40
1115
223
6489
2282
9950
8162
7933
7983
7119
9668
6358
3335
9569
6688
2649
8669
3626
4957
9912
9900
5828
1399
8953
3314
9199
8399
9299
1822
9938
7288
5321
699
75
2376
5633
3527
3633
7986
4360
7541
3625
2322
3332
2656
9259
4546
6619
8943
6546
391
7928
7788
576
9940
1276
4885
5894
1807
5984
5989
5130
8356
2977
189
3735
1106
239
8830
1801
1211
8909
4746
542
777
4111
5811
3343
7293
2082
4278
3641
2375
6633
1135
4479
3253
4585
7569
8398
8136
2904
4783
7853
8707
9465
1941
8379
7621
8623
1608
4371
6678
5074
9958
7250
8886
6569
790
5624
3323
8777
1452
9857
4929
6645
5119
8618
3635
1787
1315
7956
903
539
3637
37
8273
8937
361
354
7462
5677
8129
7631
6365
5595
8860
4320
6759
1518
2748
2771
3189
5831
4987
1105
3936
836
9651
7692
1736
5692
3178
8474
9654
6896
5697
5945
9379
5896
3
7075
2301
1261
5459
5507
7776
7036
8269
2135
9692
8655
2043
1474
9783
6968
3550
4076
6652
9630
2848
139
8611
1905
5423
6529
1641
9941
8348
9970
797
2474
5704
8602
6904
2599
4189
193
6340
1942
7157
2699
763
8210
1791
9728
3213
3136
1565
8627
4695
7131
6483
3709
3665
3113
9483
8582
6030
6186
7767
7546
8497
5959
4436
8900
9349
6441
9407
6078
478
5630
5526
7726
750
6627
7254
2149
9115
2934
3135
240
9055
5550
1001
2811
6952
4163
3457
3646
6048
2634
3431
2270
1958
671
9425
4074
393
7748
6301
7702
3489
1623
7227
5427
9916
9141
2141
6084
5191
2745
9343
6649
9532
1544
6083
8895
7804
9365
6916
9301
704
3850
6196
6674
3163
2083
1480
3794
9361
5908
437
4950
7663
5607
5490
3604
8203
8612
3313
8872
4017
8603
5556
9747
4734
1373
5960
14
325
1946
465
3868
8448
6453
3666
8436
9328
3886
9495
803
1148
1488
4234
8213
755
7750
144
753
5070
2747
1632
7411
9681
6554
3258
8119
6570
6888
5576
9098
9183
3124
3667
5162
9727
6497
2133
8883
9248
6831
7277
288
8610
8084
73
6835
2720
8737
4419
4128
6650
6753
269
25
8657
1655
4818
6868
1223
1645
7957
6811
6625
6031
4907
7339
7847
8301
8581
7111
1060
1793
8028
2743
8466
7697
7553
6236
9235
58
5870
3192
6116
6827
8241
8946
3206
8965
5636
348
6897
8046
9846
8667
8083
3699
8780
5273
6561
5719
9341
2555
6705
2244
8938
4025
3514
2706
6161
8689
7289
4810
9530
7772
1239
5598
9038
7762
5001
891
6964
7496
6755
6929
191
5755
4609
4605
9170
3653
4418
5720
1681
2514
64
8712
6168
3749
1778
7426
3940
580
7574
4822
5455
2081
2836
4454
9175
9265
8093
6844
6772
7685
9695
2263
1444
5212
3468
2804
2139
3447
9404
7781
9626
9197
3300
812
8395
4881
6376
3290
5712
1719
8339
7319
7756
8908
9985
8336
7557
1356
8713
3600
7236
4411
3687
1921
9302
2897
8440
8856
8237
8358
6986
863
3593
5080
426
243
7235
3348
9563
7414
3365
4763
4317
6639
4785
7015
6617
3048
8641
5373
6352
9026
6893
31
9861
7790
7949
8235
9033
8116
5566
1717
6142
3682
6578
6283
2018
8695
8558
3500
4169
8962
9360
416
8473
8232
55
9134
6606
3988
2184
8335
6686
2311
9389
1255
7187
8567
6065
5101
9845
9937
9895
640
7391
7840
2279
2389
9210
402
8869
8107
9288
3005
2658
6088
4370
6252
4031
1336
5398
6247
9546
7608
8802
8400
5952
2385
6841
4841
7302
9838
935
9669
1095
4631
6430
6451
8811
7774
466
2587
81
8738
6271
7173
8806
1951
334
6737
8149
8924
4832
2118
9621
5778
3859
9576
5222
4463
153
2777
3892
7009
7570
3385
5771
3098
6502
7877
9717
2886
5579
7754
9258
2370
7783
5654
527
8320
2266
5051
4777
2946
4525
5911
2419
6250
5893
1179
9065
8489
2809
8376
5188
1176
9460
6043
9169
4072
9446
3972
674
4864
731
7672
1415
3324
4
4911
9087
616
8422
8827
6158
1088
6706
9330
3167
2527
7822
6475
1998
4357
4135
5632
2784
8950
8753
8013
5011
9671
667
1305
1868
3849
4846
4974
9136
7192
7639
2501
4487
7387
7784
4884
8545
6255
9508
8905
3544
5977
2272
5211
9840
6636
1647
2637
8226
9133
9561
485
6749
2557
1797
8296
8045
9352
1869
7050
3463
8068
7720
8037
6762
5541
1670
162
3060
7940
99
2028
5155
9476
4511
2636
5681
388
6461
5140
8003
7500
3361
6940
208
8263
9165
4457
6912
6886
4206
838
8784
7656
6230
6670
8118
2274
7493
1552
1715
2959
1903
969
9549
957
5675
5414
8209
174
2711
8978
1512
1376
7586
2900
7113
6284
9809
4291
8216
6834
2442
3530
9748
8620
1590
5193
4827
2562
5510
9868
8873
4391
5292
4466
8684
6325
7338
4228
5081
1790
2430
3200
3035
4117
8996
3750
3486
1054
9977
366
5319
2858
7160
8917
7127
9509
179
6198
5232
8614
6937
1810
4988
9402
9223
4854
8144
1657
1849
6195
1698
3952
266
8813
2657
8963
7617
7110
3473
2137
1234
2949
1411
3793
3268
2222
1187
2333
5026
2611
9663
3908
5743
7294
2307
2622
655
156
2312
6589
3011
6994
4917
2175
5201
247
2774
3839
6901
6850
1826
7377
8986
4975
6695
5673
7352
623
281
8134
2746
9091
7211
7376
7165
8701
1486
685
3508
8932
7827
7272
3937
8523
9537
1691
9553
8097
1806
9620
1824
1429
6531
2665
6665
1497
8029
2010
6289
841
185
2109
6279
8281
617
5912
9652
343
6691
3467
6858
5178
2314
3137
8942
5221
7954
1096
492
8633
8311
2340
7898
6733
9672
1121
2837
2080
9473
8202
5215
2106
7261
4737
4448
8589
9458
8617
7556
7888
8328
8678
4142
7819
6565
1294
3922
7317
2013
3695
3203
6924
4598
7518
8252
822
5342
234
133
868
1642
7032
7370
2012
8094
4202
5413
5370
8797
6001
6501
4772
7905
5841
4657
8159
301
2816
945
9291
1383
4453
717
8369
9952
100
8759
1597
2792
8803
5795
3010
6750
7374
1587
5789
3947
1607
1611
1635
110
4166
8607
8795
2718
1574
3815
6919
6402
8688
2329
1044
6257
941
7097
810
8683
2230
9879
3623
8739
3531
8167
7718
6856
7948
6765
9944
6743
6113
6829
1388
9585
1652
7410
5615
365
5485
98
4297
1777
3362
4266
3284
8851
6431
9071
597
444
5098
4601
7381
7081
4149
4174
5890
3430
3588
8515
7460
6836
4686
2213
9529
7515
2754
8673
159
6651
9269
9808
7260
3050
4378
3556
949
3478
9892
9541
3644
4295
7806
1576
9608
756
5557
2520
793
4941
3020
5803
549
8651
59
8115
1166
8907
2633
2049
8700
7849
7218
8387
8315
722
3204
5991
8634
121
8522
2491
3693
7040
6240
2058
3076
6821
1257
8490
9108
9542
2354
7829
5517
7543
435
9865
1888
7703
8247
3497
9830
2495
7529
9347
9463
9688
8298
785
7061
8173
694
9346
6166
8478
3065
9232
150
4040
2196
7115
9188
4891
4989
8723
961
3097
9694
9658
8546
3166
8656
4994
6742
4659
1846
7121
9844
9617
5679
715
7908
4886
8663
4789
9177
487
2235
1884
235
3821
540
7483
447
1319
4313
8772
5689
9618
417
4356
154
6115
8745
6656
6775
4722
1831
5354
20
2692
6382
3446
9028
602
7770
5854
5659
6080
7182
5916
4625
2403
4666
4528
6797
9910
587
7497
1375
2724
7637
3580
8303
9020
1123
8749
9969
6452
7035
8444
1441
3785
8475
3789
1390
5052
56
3349
3853
2705
8501
8561
4860
503
1422
716
8828
2462
1056
4509
9157
4896
7342
7422
5924
3896
2380
1012
6414
9189
1097
5899
5095
4858
6465
2551
4271
8431
3245
7879
7087
1181
2404
500
7861
8040
1340
6849
6860
8152
4678
4214
1082
7764
1476
1021
4812
825
3837
2740
1529
5934
7947
2609
7253
7172
5878
7306
4532
1577
7416
1024
4619
823
6630
3292
5613
5411
3202
9228
449
8954
6049
7348
8325
5693
6518
2941
1891
1566
7308
3715
3094
2237
2511
8994
9511
4476
8483
1591
9386
9531
681
1750
9588
8525
2790
7128
4268
3716
7324
9814
7632
1197
5742
6508
1159
2505
4311
9860
2999
9917
1873
8775
232
7581
1050
7502
7563
9637
9418
8104
3835
339
8566
3516
8385
389
7845
9077
5708
1660
8774
5401
8278
7011
5387
3169
7571
9661
8031
9934
5043
7994
604
8389
9612
481
8192
7271
5880
3597
2036
6174
936
2707
8433
9103
4710
7152
9457
9129
9986
880
6215
5113
8109
9353
9399
7429
352
6087
6621
7814
4576
2238
5706
7929
9837
9584
5184
9229
4540
9949
3056
4139
7610
523
8807
9002
7528
7279
4584
8817
6951
11
9037
9481
8516
375
7303
4456
3579
3819
3054
2227
9946
6025
9725
4281
4247
1585
9816
3532
7811
8002
9298
4126
3589
5361
7831
860
8365
4501
9915
1748
7893
8413
2022
351
6211
8054
3981
7478
6375
1483
4146
725
8060
1335
5958
433
866
205
7358
4908
5379
4178
3762
6890
9486
4284
8154
283
9443
8207
9331
311
748
2004
7402
4639
5752
4257
3729
2523
8952
7548
3786
6580
3501
3950
9715
5357
8367
2956
2579
526
4259
6512
6347
8010
5282
928
8841
2773
2168
9766
8125
5701
8988
3102
642
7345
4567
3998
7457
8346
4401
8732
2084
4933
3249
7301
6428
4158
1730
5995
1620
1927
1173
7363
3847
9152
9140
5730
8704
2861
7624
5280
1774
1220
8307
550
839
4175
1
4982
956
5799
9691
818
5175
8821
3945
1424
894
6056
9998
3977
610
4098
6956
9251
3338
38
78
5885
6809
7109
1957
3834
7216
3143
5609
2775
706
7485
2530
1003
6413
9702
4718
9859
7545
932
6869
5662
516
7765
5724
6833
9905
6326
9218
5552
7347
7479
6588
2218
1324
2831
8390
4589
8492
8021
9974
8967
5999
7628
7177
7304
2602
8283
4968
3841
2631
9019
4110
6248
4715
6741
1564
1403
2680
1308
4937
2409
4591
202
6560
5791
5298
1058
115
1000
2112
6372
8295
8885
7151
9492
9856
3925
6171
2221
9564
8568
9947
2614
4564
7746
9010
5075
2315
7649
1146
3575
6021
5018
1002
8884
2102
1508
7687
5574
6092
8381
4412
2455
2367
477
7890
4508
7247
2952
5444
2157
922
4236
684
1427
6089
9082
7934
2316
264
8081
8670
7812
5888
7130
2582
3399
5014
4296
7349
1039
6395
4816
7690
996
9164
5407
5272
5637
9490
7693
7178
195
9662
1451
6723
8517
8469
7734
4438
8220
8541
7737
2684
1238
1962
1180
7763
8157
6790
7258
9641
7846
1090
4985
1387
5244
1900
7674
158
3358
8594
887
7681
6411
5647
6872
3185
349
6023
2246
7237
6241
4690
834
6305
2212
9110
4484
2939
188
6220
9575
1537
9207
6406
1535
8359
9159
8297
4062
3146
4016
7917
2534
4325
5389
983
5559
7537
3546
1628
2664
7778
3609
3477
944
976
2391
9876
791
3283
3424
8748
8899
3745
754
3162
3870
7868
3375
8998
363
2992
8105
531
9592
8041
3634
1578
7759
5996
9214
1999
1775
940
594
9204
9307
9674
8927
3751
317
3963
3736
5548
6909
2285
9246
3214
2712
5940
6612
2916
2021
6128
1410
2496
7051
9639
3901
989
5152
2351
1679
8178
2791
6626
4836
9682
7550
6892
5678
1170
2470
9400
2782
3612
1299
84
9528
5121
2180
6148
2674
164
6438
6899
9067
3228
306
129
395
6539
1960
6878
1048
420
7816
4794
2997
6072
8255
6034
5540
1528
8175
9833
3883
618
2241
807
2469
9185
9520
5264
2262
8622
3063
3294
9582
4427
1419
924
599
6074
9734
1289
7251
2914
5377
1646
4703
9510
2586
1547
9753
2937
1732
9056
9964
8243
8555
286
5467
1467
1438
3398
4400
857
2475
8831
651
7964
4648
4213
3145
1471
3376
2685
8727
7544
2519
2853
6851
9796
2185
5256
2570
9967
4107
9913
3450
9227
3336
691
4211
8649
2963
6592
9254
1829
4947
7143
4594
3570
252
2382
7314
6229
7601
8750
5775
8071
5864
7025
4506
63
7903
8147
4414
4103
295
7472
2603
6948
4707
91
9051
2964
8790
6701
5291
8100
1343
3222
4068
1397
3499
600
5402
1588
7194
6864
9485
853
1603
184
1541
7448
6044
7433
7887
1751
7538
4699
459
5732
6180
7452
3408
7577
7711
7896
9801
7371
7787
7568
3089
1872
3775
8300
9290
8687
1944
4754
3778
3133
4241
1321
6697
8020
1038
768
7551
7915
7809
94
287
5998
4011
7525
2059
3630
7108
8850
4923
3993
9426
4586
9474
8327
10000
326
9050
7484
5396
3539
1742
6805
2129
4084
6378
5469
9052
383
670
2472
8383
1783
2163
6545
5230
3205
4687
2284
7386
6773
6336
85
8482
7196
4765
6562
3472
7286
4008
9381
167
7224
6778
6095
5446
5315
9525
1310
514
1035
1094
8418
6785
2865
2000
4089
1242
9116
7171
781
8302
3350
2468
7069
414
5725
5202
7883
6884
7067
5263
2225
578
8524
8914
2732
921
4251
9790
6867
8218
8485
5798
1830
3652
8805
6666
8643
6776
180
7704
8409
3788
6280
8969
3331
1803
8754
4915
7256
6449
8187
8892
4962
9678
7717
7795
472
1877
8070
9013
1377
614
373
5976
1177
9205
5653
5471
7423
2362
4461
980
1055
1949
468
1303
9256
4603
4141
7743
7243
5420
1511
1103
6101
2286
1280
4148
28
6420
8982
5489
3255
2248
861
4301
9802
2808
4349
4593
7140
2802
1644
1840
8505
2604
6932
6593
624
2349
1478
9178
4563
4970
5650
5969
5863
3437
5295
6718
6961
9100
3265
7316
9488
6419
5970
6208
1473
7666
5532
3587
2053
9862
1290
809
6467
7999
9894
5973
8931
3761
2216
2115
280
1389
4820
511
5150
8941
1446
7350
1714
3933
5135
8186
4751
8550
490
7844
1053
8282
7213
749
5097
1624
3337
4475
3654
9500
8815
8382
2708
1895
7209
9017
9034
1685
5779
4353
4198
3506
3946
3414
9527
8593
6659
7091
3298
9099
9580
4221
418
7796
8441
9706
1980
1697
5110
4993
8597
7158
2226
9491
5305
1800
7611
6587
1487
8228
7123
2091
683
1212
8138
7054
1495
1666
3554
4024
7708
9644
3374
7955
4900
9849
4721
2954
8598
7270
9831
9130
7133
1866
1298
3725
7002
8609
4910
2341
4656
3311
3373
9922
3366
6403
3934
6930
4684
723
5820
1765
737
2119
3724
9558
7096
5174
3380
9444
8647
2642
2190
68
8344
2481
2975
1036
6716
9656
1706
862
6699
8488
2146
8493
9438
4804
5491
5929
6103
3109
2165
409
9680
9015
7082
1871
7181
4709
6323
2030
7245
8208
2334
1767
3799
5513
5217
6982
1086
3639
3378
7603
5127
6983
5666
3436
5426
3522
1240
7013
9089
4520
2361
4482
9111
1073
7137
1283
8443
6287
867
6407
9803
8947
858
3275
8016
8117
7046
8196
419
9092
6485
7262
3935
9155
5950
8429
4308
4901
3031
9923
3590
3278
7694
2073
6015
8606
4694
2224
8671
5306
88
6041
9090
7722
5094
2042
9989
9927
4063
2659
9046
9350
7146
7891
9011
5073
7053
7375
3064
2758
7561
7467
8415
7154
577
7372
7894
8000
1948
4381
5646
955
33
474
512
6364
2200
1695
7026
3239
1926
992
9552
3384
4170
3814
5782
7751
1842
5734
9557
2164
569
9825
5806
5648
7527
2056
3440
8949
7660
9135
9345
8631
4014
4543
7627
2651
9316
6548
1668
6000
257
7325
4541
7360
9216
8132
9042
3273
3480
7966
9550
7018
4883
7353
1673
9148
4664
4579
2805
6440
3804
1318
2645
4280
452
6008
4726
7730
6308
4742
9072
2695
8666
963
8265
8271
2026
7357
8665
131
6179
9512
1018
4155
9821
575
127
6672
7930
7625
1077
2346
5829
6265
1531
9304
9635
8823
3493
2288
9233
8027
6003
8957
8496
9758
1675
9368
3023
8472
7782
908
6079
7579
7863
2829
6232
5951
3315
6702
5521
4485
6725
5583
9800
4643
6509
6684
7503
7331
8534
9628
7480
6028
1236
4203
997
7990
2661
4633
6799
5902
9419
4798
6726
7056
4524
1385
9410
2615
3482
9255
9908
5039
6624
8866
697
3957
4469
4254
3730
630
2883
9615
1108
3316
2641
6102
3671
9388
4497
2171
5087
2681
6557
230
1204
6506
7212
8674
4285
3092
1671
8939
9521
8621
8930
8423
4343
5312
4104
4408
1925
4972
1407
878
9769
7740
4654
1275
4210
8484
4237
5117
6761
3706
4745
7597
9396
771
2422
9102
1457
5754
2178
1219
2240
4862
1292
5281
9784
7904
982
5369
7512
3091
4518
7499
9435
6914
4077
8706
322
4698
7001
6780
7800
5813
816
3229
3675
1794
8487
5534
3351
4272
8562
1418
6853
273
8001
4432
8783
3563
3961
5028
1558
6057
6356
5943
2150
6011
4060
4669
2517
5634
3150
6081
7188
7163
2388
7969
1914
3224
9278
544
8366
6576
178
4624
8176
8043
1080
4604
2093
9273
2544
8605
7609
6934
4679
5758
4283
9896
5696
7927
8323
7510
9903
8289
374
8197
1248
6494
1347
1762
9714
780
9027
6921
931
8999
6002
1572
5860
6711
8341
2666
4034
7824
5520
8140
4136
7566
4473
5086
3372
7014
3433
498
114
4101
8959
1662
386
795
8533
5058
6840
9244
6299
5111
3921
475
1007
7225
3017
7388
2936
8248
5333
8089
8486
2567
6466
5250
946
5079
7892
6549
4033
6439
1896
6216
5640
5076
8648
4314
9366
9536
3427
3779
6771
5709
5365
8686
652
9505
8751
4903
710
2516
4880
2526
5410
2833
5575
9454
9629
9955
760
5802
9890
7291
5045
9126
6898
6436
1968
7559
8214
3476
8834
8576
4065
5270
2623
72
9590
3567
4874
5750
7138
398
8050
7155
5287
2933
5013
9827
3913
9538
7555
2918
1557
5141
5785
3826
1515
8260
5904
1821
2319
9286
4446
4871
3844
1548
1118
1263
4793
9565
9095
6918
1911
4954
8264
2396
9161
4574
8920
2974
8983
1786
4961
5277
3383
15
1332
5310
2951
2144
6468
7922
7671
2356
2247
4244
4599
9624
1741
8849
3960
7818
9008
9793
747
9772
3406
9526
6184
9806
5208
6010
2099
9405
6423
3029
4853
1043
987
1277
1861
259
6019
1843
547
553
7665
8206
3566
6859
4595
2646
1322
5112
5046
171
5181
6644
1928
4023
284
5884
3771
8968
5149
3370
1619
405
533
6172
190
1127
1083
3656
2922
9219
4227
1287
71
9412
4261
2929
619
8456
2945
690
415
7283
9004
5674
9920
5002
1901
2466
6564
3474
4007
192
2763
489
7646
3079
1425
1889
2606
9079
3037
7914
9817
7926
1780
177
6233
4426
4879
9081
2717
2578
4806
1354
6060
9648
9852
7186
6463
3538
8225
2541
7900
140
6200
6852
5050
6550
8190
6559
2330
874
6090
3287
1988
5210
6246
3195
294
9383
2450
443
8219
1109
3774
2052
8680
9767
9932
8151
5551
5350
682
3101
1365
850
1616
6050
2267
166
2891
9765
6368
4755
9975
5108
5629
1907
4776
5543
3028
7689
2969
1678
7549
5920
9430
9754
3219
7298
4187
6515
8818
7418
434
9261
4647
7950
5349
6315
2531
801
8164
3573
3130
9225
1194
5586
3144
9889
5293
1744
2335
6058
6125
3086
5461
7102
2700
476
2255
8599
5764
6967
1600
5115
959
543
2410
9504
5031
2669
5219
5346
5189
307
4829
8762
8929
4977
3991
7344
8261
5146
7491
9213
2302
1122
8891
6826
8628
5814
5171
6217
9348
8035
6882
5124
8426
2117
9611
9355
4190
5300
1448
558
9030
9468
504
658
7205
5383
8047
5068
172
9064
9841
8362
9203
213
5881
6595
3405
8056
9972
8063
8380
8854
8262
5137
8513
3422
1746
5169
5224
2798
8133
2077
635
2667
5714
1101
631
7239
8036
7400
7432
2347
461
9995
8471
2006
6800
2124
2191
9579
703
5700
1151
6338
4365
9966
9855
6377
1902
9279
2597
4774
7334
5226
4978
8552
8394
6632
5787
3797
2834
7539
8234
5042
2337
5962
1363
4835
1677
1766
6796
1416
9409
2556
9858
9789
160
3126
9395
7946
6203
2851
2737
1526
2769
4612
385
6328
96
7775
5527
7584
6663
813
9559
9759
9518
3627
7552
3032
6751
4653
7297
145
560
6642
6317
9978
6127
5788
9707
238
554
4992
8131
8462
5966
7365
8539
4514
4046
5866
356
5611
5158
401
9453
9240
8906
1970
3002
633
6646
1726
3231
6472
2429
1505
8022
2872
93
5486
4693
8719
5895
6157
9720
6613
6583
3852
535
8867
3880
3304
9325
5508
2057
9782
9514
6396
8556
6434
3487
9991
3208
951
7607
1637
6969
3115
3893
1158
2989
8554
4517
1307
842
1029
9340
5261
7636
522
5393
2254
8619
9118
9605
2670
896
4279
7088
3438
9513
5623
3951
9109
1253
3186
2765
1205
2062
9306
1317
2625
6099
3982
8411
6985
9406
8876
2162
6085
1723
7101
6653
3198
7962
8313
9445
2682
9776
2965
3465
4041
7735
2071
1961
3528
4273
9755
7145
2439
4551
2650
805
6408
8985
1560
1755
216
3259
926
8923
2317
1468
7600
9137
2020
9367
7592
5006
4382
3930
7758
3694
5927
5594
1932
3095
3851
7470
950
3827
8826
67
5852
2306
6111
5168
1440
1313
9377
9625
484
2342
4184
8709
6816
5525
6496
4762
7731
4429
8238
4081
3907
9603
3389
5116
3781
5937
1348
6213
1031
7602
1216
5930
1753
4990
9401
5397
7880
2050
6391
3574
5089
7373
632
8679
8044
5451
7769
590
4533
1369
2639
4269
3873
7329
7362
3524
819
2457
746
6724
3460
3312
5133
5142
5331
7828
6478
6261
2134
6201
738
7197
6992
676
4235
7970
1908
9387
5324
3033
1834
2533
7263
1938
8025
6629
8726
4926
105
7580
7866
7923
2427
2107
669
7856
2428
3251
8427
3353
9571
2539
4120
6793
5825
7150
8370
4464
9322
2620
1725
6473
1694
7208
7296
1554
4849
1731
8735
7059
7623
8108
8782
6344
2960
9554
3741
4264
832
2479
1075
2131
3057
6182
1621
7290
6507
2894
4224
2840
7981
2343
7204
692
1663
1065
9578
9146
8768
953
7936
2741
3040
3658
5460
2152
8445
6069
1524
3569
7509
4557
400
1311
4723
9384
209
7648
3887
5030
3679
302
5412
5604
2258
1067
9326
8
8026
27
5359
1326
1684
3978
8608
9533
7321
1862
4255
7655
6808
8820
5067
6173
2417
8788
3004
876
3197
5249
5560
4642
9222
7406
8624
6954
7997
5424
7016
4958
7951
6614
8629
3439
7428
8794
9260
9942
5063
4613
6905
9909
5515
4220
6432
9501
7084
2506
1349
7972
3863
2550
2632
7465
7952
4554
187
5418
6122
1154
9723
885
7464
719
9047
9718
211
1254
2094
5311
4748
3154
9716
636
5602
197
9154
2064
9128
1293
1553
8632
8223
6399
448
4267
6804
9700
7276
424
783
396
5641
4887
2905
9627
9006
3906
308
6370
601
6657
7004
3363
6608
9308
4192
9842
9631
4156
1312
5182
2928
6555
4099
9456
16
2691
846
8088
5686
6801
4439
6178
4796
1062
4368
196
9740
5941
6291
2138
7266
7116
7588
4560
2607
3620
7963
8481
6703
4109
9024
1650
404
9455
8763
605
463
9836
6455
4164
7436
9698
2577
1284
8887
5267
9543
2766
3805
3071
8034
8922
4231
1915
132
712
8779
2984
4981
3948
3417
9119
9919
9398
399
7055
7996
5239
3492
3177
1382
335
183
3286
4611
7495
4145
8595
4468
2156
7008
5243
1398
1516
695
1494
5892
5233
9736
4053
1093
4600
9743
5126
9380
8913
4449
1598
76
9779
5807
8227
7435
1934
7328
6295
7661
8458
6664
9332
3965
9268
7057
7613
4792
4529
2063
929
1556
5982
2360
2760
7142
8166
6005
8530
6682
6371
314
3262
1047
4535
9634
2968
4815
1140
2008
3846
8416
3388
864
8936
1947
9323
6993
6536
1352
5479
5842
1126
733
3541
1225
2543
2605
6169
1700
3640
9211
9586
4840
364
1069
2583
6492
905
9471
5353
7974
9906
5487
3520
6109
5266
23
176
5643
2716
1401
6052
458
4830
6218
3364
9921
4351
701
3713
4839
9787
4067
9685
2735
2416
9873
972
1256
9264
3605
3511
3132
7398
29
8111
1337
3772
1992
7490
6121
7973
9032
6922
3479
2678
4455
7471
5231
6781
7275
4914
1664
4852
1110
8708
1168
3006
4805
1406
8130
4899
6380
1367
730
486
570
2818
2613
3321
6022
1262
8529
3108
4252
8286
5518
2072
7939
3305
9167
8764
6873
3949
7401
5296
7724
9907
3980
9078
2415
7511
6838
9195
8832
7635
5645
4608
8407
4764
3765
3118
3387
3992
9191
3638
7066
1032
9516
5603
2702
4641
2616
5680
1222
8092
123
372
9289
1414
1070
8536
3897
6390
2161
8571
1409
4310
7461
7335
3542
4287
3382
3055
1672
6894
304
1892
1417
4309
9523
2830
7456
3393
4492
2915
6740
6332
7638
3838
8006
4218
1979
899
69
2256
5268
4061
1848
9791
6151
9935
6498
9324
491
4580
8038
3565
9593
2940
2810
4559
965
4262
6312
2703
2961
6107
7716
8333
8343
4102
7810
5539
6667
9151
5386
3987
8778
5953
4056
9598
8338
3148
1836
7536
1017
3276
7267
1844
9606
4637
9902
2065
3884
3795
8785
4824
3217
1785
9623
9429
8692
7749
1169
3742
3354
5865
6143
918
1983
5887
4012
637
6900
249
2889
4124
7820
7080
8951
3619
4845
5830
3322
4404
5691
6895
5136
2628
4425
6941
8470
