instancia_1000_SR
SEM_REPETIÇÃO
1000

366
943
831
493
959
342
8
713
313
903
561
623
979
583
675
677
794
819
458
53
873
879
101
888
500
931
367
669
58
377
22
769
42
672
944
566
656
46
310
428
781
110
978
215
783
634
596
352
211
990
827
691
305
674
497
413
412
316
424
933
906
997
598
575
257
666
520
98
184
93
701
420
504
752
67
357
107
7
491
514
326
10
844
72
563
301
448
299
616
404
830
953
327
503
216
952
345
142
842
249
252
450
347
590
337
19
248
824
481
143
14
486
980
956
580
269
904
849
442
818
510
833
863
961
517
125
862
78
396
134
228
631
632
306
303
762
213
201
273
145
999
218
655
611
834
763
223
47
885
796
304
867
328
850
984
806
889
240
872
346
427
810
693
359
941
226
204
986
886
899
241
373
203
185
771
340
973
937
126
454
685
779
462
570
162
480
153
552
338
436
595
547
210
284
870
688
237
754
671
743
382
887
333
236
461
242
279
188
795
608
786
155
224
88
696
325
124
720
146
703
707
105
45
865
156
197
502
350
138
17
459
190
751
150
455
782
505
902
335
112
160
965
309
246
383
673
320
371
192
890
541
465
665
172
77
405
994
624
576
272
633
488
614
38
322
682
687
422
651
339
516
846
194
181
109
811
116
896
972
391
33
193
417
161
512
578
560
95
600
710
129
482
415
97
32
974
928
164
262
817
739
773
518
641
467
496
386
602
35
644
315
823
735
926
948
803
402
697
220
174
638
122
847
664
515
317
349
912
917
29
84
534
711
813
393
732
230
149
293
494
920
825
255
880
239
772
43
323
629
509
856
360
607
343
152
649
406
981
897
24
27
466
399
234
221
905
15
946
1
820
923
753
1000
171
726
438
119
307
430
295
895
679
716
626
151
893
44
409
297
476
473
291
930
700
659
964
601
764
65
788
657
988
468
627
253
166
918
540
178
553
120
169
910
618
958
615
574
775
901
569
407
945
740
232
54
114
388
183
52
523
733
21
118
521
692
654
443
742
828
73
797
519
363
4
801
23
658
233
280
546
75
447
92
324
909
289
892
263
137
13
479
977
265
111
294
647
445
256
281
489
395
724
275
348
940
968
963
837
431
189
550
471
478
370
993
689
868
319
12
606
645
809
251
62
545
401
187
167
620
463
539
104
245
48
866
668
699
719
202
91
670
538
411
702
408
876
522
244
61
311
158
365
792
637
639
437
852
756
949
778
385
16
593
924
581
34
947
789
587
20
955
680
709
822
557
860
368
207
130
841
278
199
175
681
453
845
513
640
619
971
403
628
935
785
3
567
793
90
738
254
100
625
321
650
247
235
68
298
544
995
243
577
591
276
374
698
758
932
883
18
94
891
832
554
259
695
921
64
884
469
967
50
957
376
676
485
222
572
661
5
715
617
878
133
425
804
706
444
871
768
140
939
851
344
524
440
372
843
741
798
686
270
31
548
231
209
416
127
439
426
530
588
389
950
684
694
147
506
484
329
646
549
749
568
191
380
410
83
475
390
759
196
332
589
267
821
429
612
683
421
80
791
195
954
200
261
362
55
57
573
28
725
987
704
432
853
141
163
881
392
938
551
777
812
81
913
816
690
103
511
898
734
179
737
526
805
800
790
636
757
916
900
63
102
144
854
36
604
314
456
117
341
41
750
394
76
721
69
808
748
271
435
736
969
470
558
975
508
355
30
353
451
585
59
653
375
268
814
264
723
205
826
434
419
302
766
848
2
621
942
630
610
776
807
37
358
579
648
457
919
727
441
564
206
288
308
108
492
531
858
139
418
66
40
855
433
927
56
622
354
894
951
318
397
356
746
106
784
285
914
712
864
499
840
532
730
258
6
660
761
869
533
747
182
361
780
835
292
815
495
260
543
745
635
774
592
136
586
384
9
74
208
663
507
381
875
135
936
983
452
582
859
154
787
86
26
527
132
286
177
643
529
121
966
123
907
115
991
770
908
96
159
227
662
985
173
599
449
464
490
970
597
760
857
717
996
398
594
282
728
962
925
537
369
176
487
11
296
39
584
225
217
571
290
60
212
131
378
113
198
287
922
250
542
266
414
277
982
51
989
483
472
652
874
219
829
802
148
934
70
536
565
477
180
998
836
705
387
718
555
400
446
556
351
613
334
667
498
929
799
535
882
976
283
731
238
605
274
128
186
82
729
528
312
714
861
165
838
364
79
170
525
25
379
99
214
157
331
915
609
85
559
603
767
642
336
877
839
992
89
300
49
562
722
460
229
755
168
911
708
765
87
501
474
423
71
960
330
744
678
