instancia_10000_CR
COM_REPETIÇÃO
10000

2851
1181
3215
4960
7713
7287
7363
1321
6084
3724
3527
7987
3104
4063
6639
6665
7290
9156
8348
6290
2386
5279
1402
1222
1455
8208
9165
4880
7614
9215
1784
6864
2367
8548
163
3935
9194
8981
1619
9273
2051
8839
2457
9138
5136
5259
923
6201
4161
101
6074
8407
3279
3983
7908
4837
7480
668
6252
5230
391
1415
930
4184
7971
1289
6690
2520
7790
6560
9865
3433
561
1298
8232
2960
9537
6261
8769
2884
9176
3824
853
8395
1288
1805
5015
2432
7703
8623
3540
4748
5097
5004
1660
5585
7827
8324
3552
7875
6279
9361
7362
9512
5323
2474
7147
4631
7607
3591
8077
6396
3094
36
4823
3522
3518
6178
7214
8607
9304
5308
3108
3557
8724
7420
4263
9337
4584
6993
8234
3394
5893
1132
5944
630
1512
3701
2639
4277
1617
5411
1370
2437
320
1783
1480
5975
7250
2349
6007
9721
1708
7753
860
9790
2179
92
9926
2275
1297
8156
6658
5667
1957
5272
523
9653
5719
3386
9676
3734
2290
2899
1449
5964
3245
2912
6529
4002
2535
6342
8018
7394
1943
8233
5009
1656
6338
1816
1116
3028
9902
5738
1097
1826
3648
765
7858
8608
493
7039
6825
6006
5896
7420
2352
1286
7555
8894
690
7955
5149
3111
4862
2466
5702
9294
8749
6824
6428
9247
6907
9903
757
8966
3678
4906
3586
3484
7501
4227
9247
4452
2741
1504
659
2824
648
1741
7357
2519
107
8936
95
4584
3565
4814
5906
2455
9822
4083
7391
2020
5022
6081
3388
5249
1282
5977
4370
1187
7939
8278
558
2998
1601
4763
6591
3483
1491
1726
6578
2498
3294
6981
5127
6232
8187
2687
3997
8692
2270
1252
8456
8059
7530
2300
5008
7975
2404
2085
8966
8930
5952
2810
2447
6463
7973
2989
7887
7326
7544
6155
6375
4727
6560
9215
8598
5686
398
1666
7043
9891
5924
4848
4024
886
9738
9096
1905
7445
7366
2367
5974
8183
4757
7204
7053
7206
8124
2172
5187
8929
1273
5470
638
6525
5988
3252
1323
4218
4598
8472
3926
4332
7881
6068
9408
2800
6829
8641
3063
2666
183
4963
9908
9009
3320
3131
705
4373
1356
1582
8907
7602
5711
4960
2896
500
4391
9798
3426
8077
6130
5859
6071
5533
7393
2362
8109
2450
5678
8134
8721
825
676
4721
2714
1589
8842
7292
2292
8213
8013
2357
6215
2996
1936
5610
3267
7643
7320
8182
2297
4396
5456
3635
2487
3658
2799
9281
8021
359
83
2805
8590
5564
5968
8057
7683
513
5233
7099
2735
6311
6526
7316
2299
2387
4099
509
7588
7472
9190
5179
7152
8929
9045
5162
947
9210
8994
643
7742
1720
5407
837
2656
2323
6448
3993
1593
9155
1457
9636
463
6486
704
7772
1248
8149
2659
548
9163
7807
574
3149
4002
3277
5634
5770
6732
4851
7872
161
1961
6473
4624
8425
5081
4846
7534
4696
6655
1178
9109
9196
1586
3058
5618
76
414
7248
8865
3948
9478
4605
1195
9247
7809
9580
7573
6923
7824
2341
4427
1232
7511
8589
9127
5921
8635
8499
1262
695
1476
7511
7242
814
8095
4853
5404
1991
3285
7583
1004
5239
66
1266
3359
7353
6874
7037
1798
7409
3378
2942
5164
3075
1657
2038
9421
8026
151
5774
5559
6356
3081
9166
599
9241
4433
2855
728
5641
2008
3643
6123
8203
4737
5880
4110
7618
2688
3546
1866
6044
4160
5143
5091
4007
817
3931
9640
7050
7684
163
4038
8283
4215
8797
6459
1059
1763
6424
7847
9979
1797
1386
4605
3002
1220
2178
8227
9845
6257
9799
6763
771
3004
3823
9976
2733
2575
3343
2747
1658
4333
5027
3150
3120
8455
2666
603
3399
2885
6519
7244
6053
6545
1084
3657
9359
5902
3114
7334
4280
2575
5945
8824
7030
5333
7138
7395
3725
7986
7115
9705
3044
5227
6421
18
1738
8616
3492
4077
1957
5132
6201
4318
7208
8985
6510
8150
1933
7725
9290
4924
295
5275
5089
7382
5955
2528
1547
2754
9072
2015
487
764
4552
437
4469
6079
6105
5476
4504
4337
477
2014
4997
5791
1000
9755
8726
6068
2607
7326
1677
4103
5544
8531
6162
5115
9128
8864
5697
5908
5124
400
9085
9742
8375
2776
799
6822
9872
7501
3230
7806
9156
7018
9452
6107
2488
1818
1957
6251
2851
4487
783
3039
8585
9817
6176
3562
8420
2836
6334
3613
6039
7516
4971
945
1501
4835
4401
1241
5841
6537
8588
5649
5904
4049
4407
8345
5800
2487
5295
194
3808
6969
8880
8145
8503
5485
5150
6328
1762
3642
3391
2327
1616
8651
5243
2202
7006
6725
3351
8315
6820
1617
3220
2623
3899
6860
1432
3697
3252
4839
4509
8329
6605
9924
4565
4171
9474
594
614
9753
8134
9482
2297
8837
3436
5885
872
5557
7764
4656
9684
698
3068
9284
544
3067
9422
8784
4544
9722
3172
2637
2246
718
358
870
3273
6127
7274
6105
4151
2245
2317
6981
1979
9375
6247
1697
282
4381
2516
7502
9599
8042
9914
6424
675
3886
2505
310
9364
6905
4910
6714
2549
6085
2170
2954
1913
5145
3695
5007
6942
8037
6254
7426
9578
1800
9265
3850
8640
8451
4141
3815
1067
6541
8083
9460
3671
9509
8050
4247
5352
2616
9350
8807
1915
1756
6040
5102
1232
3142
2314
114
3000
2305
6453
2950
6427
7938
4881
3235
1510
4520
485
5809
7998
6745
9148
704
2314
6404
1266
5384
9909
1069
2099
5786
7717
8274
9661
5692
9669
7310
8691
3675
7355
5638
9076
658
8402
8044
4677
9135
9639
7028
3951
4721
9959
9258
1955
8803
7045
5066
7692
6816
338
3459
4234
1619
9573
6761
5824
4539
8784
2335
5360
376
4565
2531
3752
5947
9868
1292
287
7178
3835
6852
4971
7606
101
1300
7464
5826
962
8250
2898
8514
7463
6359
1806
3964
6287
4770
411
1115
3075
966
2924
991
4573
2289
4136
3362
8389
3924
5864
2406
2285
4498
7694
9693
9891
6139
5745
2816
5531
8299
7834
8201
283
3900
2148
8431
7034
4263
8547
4541
8380
4745
6014
3493
7926
6089
380
3833
2654
9600
3890
3479
2363
7318
8549
7309
5911
2044
9335
3140
4653
3426
7087
7615
2980
9951
9776
3199
3561
8298
1001
2801
363
8073
3787
4240
1482
3672
2609
6754
1668
4856
4638
9183
8146
6997
3557
4568
9606
5133
7999
3155
1791
1299
4830
4797
1701
7333
2893
6145
7334
7846
1060
6787
4337
8106
6771
5449
8895
3752
2248
8495
9187
9235
4032
3113
2447
3324
6499
9158
7686
8389
9190
4123
8441
6793
848
1973
6792
2472
748
3379
6134
617
1367
6823
4950
5239
5180
4570
7108
4543
9666
3317
1396
8569
6814
200
4696
2117
5171
9386
8941
3172
2139
2919
4160
3116
3989
3871
7597
2789
2861
1027
6922
558
7576
3286
7110
5703
5871
1071
7531
7715
1255
4192
5125
10000
670
3225
6395
2740
7338
376
2819
548
8187
54
1133
9909
5368
6562
2135
3061
9290
4855
9204
9655
5497
3312
193
7128
4242
3690
7233
5863
3796
5828
3134
3742
687
775
645
5481
8526
6093
13
7640
2670
4896
6373
6438
148
6270
3759
2007
1028
3381
2353
8202
208
9423
3549
3838
3648
5953
8628
8057
1371
5860
7892
4784
7582
5333
1632
5198
7334
4334
5906
4753
8427
4879
258
8200
839
2221
5371
6321
2222
1615
5288
534
6983
852
6514
2705
8100
7597
8990
5743
7395
3291
4047
1245
636
9892
5303
2513
388
4357
2672
8495
4396
6007
718
3169
6403
4389
8444
7824
1349
9808
239
2727
7096
5980
2499
4207
4130
1170
515
9009
7604
7190
7144
2271
7208
7457
8696
6572
7388
2150
5290
4832
8844
3121
3722
4787
4736
3566
7061
5007
8467
4891
9108
588
7450
9990
702
6481
2537
6332
7582
3416
2980
5231
6326
55
719
8653
5914
710
6165
5368
4058
8814
7779
5359
5155
8490
3739
5606
8963
5363
5553
9686
7173
4061
1139
2778
7319
9095
277
9845
6661
1661
8023
9266
1778
1743
3256
1004
4900
5486
3904
1423
3970
4743
2637
9508
3026
6717
3954
6437
1824
6703
8800
3128
9699
7526
8985
5367
7704
9333
3801
2990
1073
1935
7595
6331
9425
3472
1610
4883
7849
4818
8574
696
1909
5498
4216
5369
8758
4438
3595
9244
4361
8583
1568
5267
7788
9946
6634
2151
2171
3696
2380
2184
1205
449
1938
6346
2248
3783
1775
7618
7292
6313
187
5849
6012
7857
7052
4269
4991
5334
8193
9576
798
4935
9119
6477
3478
5118
1303
6357
9033
3238
5347
197
8749
9650
8391
5957
2907
8106
592
25
6108
5568
1583
6107
4227
330
9253
7961
3182
9438
2896
192
2132
3147
1070
5963
6776
2208
7822
6822
5873
9380
5630
9112
6801
4384
3001
6437
3911
9818
5346
6769
9104
7583
3335
730
5346
9413
5458
3914
2734
4299
1421
4771
796
5554
9249
2454
765
5325
3747
5310
8307
3386
281
9561
3570
9672
4917
2698
5612
8234
712
878
2201
7124
9833
6441
5425
657
410
8517
9225
5560
8110
5229
3863
2655
991
8849
1462
8080
8853
2703
3768
5121
8646
2865
7120
4734
6263
7352
4764
8574
8462
1960
3777
813
5987
5227
71
6167
8692
2611
5738
5001
2775
6367
8899
4094
998
1504
8648
5149
8880
7618
9816
2001
3542
9361
3525
2759
7814
5088
8114
8047
8759
913
3395
7493
7431
7853
6334
3770
8424
4342
3845
9280
7348
3159
4192
400
2311
8754
1681
4574
2357
8394
8692
7479
347
9568
8751
7145
2486
8197
8016
503
6902
5531
3454
9795
5592
4141
958
5008
4016
5966
8835
8991
7836
2580
8686
1622
7512
5273
5606
9395
6641
613
4937
9182
207
1195
1971
9659
3261
9066
131
1315
8263
8108
6073
2971
2478
3154
6427
44
204
5501
389
1426
2798
9924
36
1497
3775
4143
7955
3886
3247
8745
6169
1085
7015
77
4857
462
3411
3122
9415
1106
7769
2333
1357
3960
6556
6210
8900
4812
7897
8551
6096
3349
8828
8298
6119
6136
620
738
6288
9175
5848
9834
2047
8973
5793
2515
3431
2847
1020
4597
5580
7312
7391
7721
3629
8329
8186
5233
7734
7611
6092
767
8181
4457
5840
862
8211
3684
8911
5678
8244
1873
4991
7286
7295
6784
1614
7639
158
2854
248
689
8526
7012
4887
7352
6685
9200
8224
9336
1768
8380
5210
1380
7415
382
2342
6860
3046
8439
3912
3946
5077
3001
9327
9086
2844
1774
4750
7598
2656
7019
7416
6217
9302
4738
2188
9144
5432
3381
5163
9827
6620
9093
4581
5669
4268
742
2727
1496
7345
8448
8478
8604
3341
7826
6615
7326
1310
3273
9986
8603
9670
8905
5935
2708
8600
7532
71
109
3000
5084
6899
351
2023
6940
6676
4540
2631
3178
6401
8247
6537
8431
5000
3629
3987
403
5671
2715
9976
9218
9263
9895
1169
9459
2157
1538
3015
5112
7849
667
7326
5476
8874
8349
3859
9513
6529
9850
183
2610
2600
5381
4232
5781
2930
1753
2056
2741
6839
3442
1098
5452
8399
1202
4287
2140
4124
7384
4827
391
6080
5369
3787
8180
8245
4725
5887
6202
9434
8202
1334
1182
2747
7305
9086
975
3253
5577
3505
9109
1040
9211
1150
8720
6376
8359
3810
4700
129
1393
8022
2677
6042
8748
5797
9602
5610
8794
2295
5064
4200
5797
4760
3609
3753
4555
4923
1275
2047
8048
9278
1881
1223
2253
3687
1430
2716
2846
1610
3063
9853
1090
7322
5548
6911
2487
8647
4761
1019
1641
1024
1458
3452
8672
3949
5553
9738
4748
7164
9444
9226
5678
8238
5612
3384
8627
8687
8649
233
8121
7603
3837
2564
3865
4060
1737
1257
3219
4964
7909
7488
8059
7740
267
5724
8309
780
7443
3446
8178
5721
7688
744
6342
8632
2876
9479
8364
1102
3460
5157
3076
836
3455
8338
5406
6412
7017
9280
978
1201
7971
1221
1177
6433
5927
4971
9479
9693
5801
648
3032
1693
4907
6568
4009
6852
1713
4638
9653
8059
1307
5096
2307
1191
8190
3277
6669
9397
9128
9527
4973
7959
8255
9261
9025
579
3470
5085
4069
7218
666
3325
5938
3573
3145
3325
4467
9752
9712
8957
5117
7560
3818
9739
7754
3321
902
8296
864
864
4726
5472
7072
8088
474
5273
2736
8651
4319
7181
1336
8648
8708
8150
4597
7192
3395
1361
546
8243
5807
5380
2172
4018
8097
3363
1286
4137
3593
4578
4154
6219
6613
250
6986
9869
4651
410
4946
7762
1747
9435
8540
8135
5486
9729
2265
1650
7946
9411
2812
2862
6764
6966
1282
9834
219
5235
789
5886
9792
8390
6791
6350
1340
3294
6350
6332
4217
7816
2634
8716
548
5928
4189
4373
3833
7288
9733
6404
2740
7435
5557
9972
9169
5458
6249
1208
3286
7312
1179
7422
5891
5069
3527
7219
6190
4832
9663
4981
1616
3282
560
6606
4400
6722
6930
8804
3654
7805
8782
7418
3706
9068
7233
3126
609
2430
8465
5611
5407
5544
1559
4795
8802
1545
3881
7600
6808
1754
5976
4454
4042
5258
9813
903
4890
9551
4197
3592
5118
2756
9000
1608
9727
8729
4358
5300
8285
2989
3602
9960
9306
4111
3002
1699
4271
6525
1714
4067
5517
6549
9840
6552
9681
468
8805
5877
6471
1627
7584
792
7543
8537
705
7194
7924
8271
3214
1951
557
8140
3392
8423
7736
5840
7307
6414
254
1249
4742
63
1056
3349
1442
5356
5044
3430
3574
9228
7269
9294
9755
7961
4110
9771
5688
8175
2317
1335
4740
569
6702
8204
3863
6815
894
6937
3226
754
1635
3589
4231
1413
9687
6510
5529
4996
5610
746
1118
915
1091
2663
2496
4428
5519
3908
379
6608
4074
6873
5709
3223
6849
3448
9403
7020
2699
4369
2034
4090
3373
122
1242
8580
6009
4666
824
9451
9790
2086
9839
3230
6936
3072
4516
3835
2610
4368
6566
8073
6725
5392
8999
4315
4849
8581
7525
5047
8640
9594
9397
7854
7703
5748
2433
8888
6784
9398
1856
9910
2572
6143
6737
5147
8080
2512
6966
2344
5232
4389
5412
1315
7039
4691
414
8059
4736
9882
7525
7949
250
267
2859
3519
3536
1087
8358
8159
2338
6681
2426
8477
5651
5032
3895
2472
5959
9802
8288
9353
2859
8293
2562
4790
5295
6113
5267
5436
5029
6958
499
63
7819
2951
4427
5677
5185
4456
7816
3203
4614
839
6055
1514
4616
9021
4833
8806
6896
8250
5664
9048
9631
2597
3793
668
8956
8981
5271
6865
8348
6489
9403
903
7602
8980
5975
9605
4457
8917
7204
2175
5609
4292
3677
1773
7173
627
9655
1076
6329
2147
4021
4922
2404
9963
3700
2210
1497
2555
2902
3881
2428
2052
3010
6823
1079
1652
5299
9267
9303
8538
1079
4156
2849
2483
4832
8711
2166
9479
1970
4374
1240
4320
4268
4868
5401
9402
5302
4643
8594
379
5286
251
988
2695
4096
6144
5682
8921
8253
7266
7394
8216
6313
63
2384
764
7728
9064
8888
5126
6320
2598
9031
9865
123
55
4578
6835
9109
5772
6624
7000
2772
1904
9031
112
973
4072
2842
3923
6153
5285
700
5123
8165
3362
2932
5789
359
742
1042
9722
8366
4143
6677
1455
5766
3309
4326
9149
5217
3074
2104
4054
5835
1595
5786
7910
9144
4096
1137
1870
9987
3658
2746
6992
7491
7884
7961
2754
9827
6451
5482
9811
9175
7716
4833
6701
9622
5231
7202
1953
4042
9152
6032
9946
3757
4949
6464
2593
6652
4888
4255
1408
4168
7411
1275
3066
2175
4298
6756
9226
9557
1379
2432
261
480
3258
9876
5366
9689
6706
2066
4762
1790
5257
9165
7402
3503
3320
1745
253
944
7389
8121
7501
3955
8431
4018
9243
5194
6290
9348
1035
2972
5265
5978
8168
3645
6664
6442
747
8210
67
6575
8756
9874
4374
3828
956
907
7524
2147
6195
5110
6565
451
4402
5452
536
7041
3458
9235
6716
2822
2608
1440
1163
9449
1680
991
1299
2920
9726
4152
4489
7769
7938
2139
4194
1924
4571
8920
2500
1923
2654
2895
2114
8695
5386
9899
813
2773
411
5971
2418
363
3649
4953
6352
9899
6629
4246
9149
2197
571
3767
5221
4315
1356
8080
8023
5536
6310
7670
2057
7771
8003
3646
4271
8630
6349
3774
1454
315
757
5289
5151
4282
1396
9117
8415
2002
3938
1645
9050
3816
9536
3198
4839
6987
1516
5466
8028
3375
5888
9324
2774
7995
9143
2768
3490
5161
4941
5684
1632
8488
3388
4796
5709
5369
8329
4756
8706
6089
6813
1801
9765
5603
5746
1757
2254
6388
3803
7111
1814
1180
9220
8199
6957
8869
8150
6125
3122
6609
9535
7910
1684
9798
425
7307
5738
5411
1941
7108
4730
5688
2416
6862
8052
1720
8925
7189
6270
6879
6996
238
995
3292
8730
8145
6910
3708
1739
7244
9691
6759
8392
6409
5139
95
745
1215
347
4389
9380
3223
4963
8412
1321
5033
5833
3050
7911
5922
7154
6386
1462
3799
3529
7425
1920
3075
8255
597
4040
9240
8391
879
4740
6531
5760
3378
5475
9743
4779
7623
2568
9586
3626
6968
6667
3925
3912
401
7821
3291
8141
2057
1510
1642
8685
2414
776
8527
1675
8248
3785
7148
3347
8529
485
4780
9997
5478
7415
3927
2543
399
737
233
968
8024
7529
6257
9518
5975
3304
6306
5822
6898
1002
663
6850
2095
5012
4749
8600
370
7426
655
5821
4112
9105
4934
601
6879
890
561
2497
3335
5869
5845
5309
3637
1611
2885
6542
8524
2860
9849
4924
1267
5531
6950
4500
3705
5481
1829
1836
212
4006
5583
6198
3753
8785
3251
4338
6238
9539
9470
8909
7983
9996
2199
6440
8387
1278
8765
4149
7320
3527
9957
557
6160
8953
6016
9071
9035
4601
9804
1498
7652
9884
2145
7839
3276
7084
6329
7205
2798
1260
1184
1498
5517
9009
6096
2101
3089
9748
8232
5840
8870
5255
4297
2132
6003
5567
2487
8037
8225
4467
8970
3378
5948
4146
6069
9962
3358
5454
3671
4908
1635
4501
622
1409
1379
7739
7968
6789
5801
7817
1176
4202
4437
8755
8011
3349
7274
7680
1500
2966
6509
8928
448
7919
1940
6675
4619
2607
6162
8849
5753
9671
7830
8186
4172
6230
9295
6432
4027
2582
5586
2915
6506
2649
8149
614
6861
6238
6072
4127
8430
4978
274
9396
288
5171
2912
6659
9599
6968
104
6819
1103
5774
105
9367
4603
3361
164
46
9347
3644
1986
4580
6219
8683
2423
3617
2743
3890
7302
8930
8394
2129
1420
1776
932
8950
9427
6897
8154
1874
3368
2049
8279
1430
2060
6555
67
8341
3418
7990
2994
9903
8414
7995
9203
6591
3682
2224
2935
8932
428
3016
2299
1896
5530
7324
5506
51
4203
1935
564
9137
9190
2166
3850
6572
6110
4351
9751
4622
7468
4890
444
7433
9088
7511
2566
4744
9723
7091
4802
2143
418
2791
1031
858
1117
7936
2961
7562
7916
7674
7547
7919
7213
4084
5001
8993
3253
7611
4850
8669
7221
4422
9751
8994
5775
2612
3226
3241
2840
4137
3667
7262
7509
6459
8653
8618
1322
1035
3305
7823
8057
6833
9941
334
6003
7682
3540
7129
8927
5740
6374
180
9634
6689
1662
123
878
6314
5133
1475
4183
8301
2848
3664
4243
4483
5701
7227
4492
7368
2327
9178
7737
3794
6693
2567
4829
3851
2545
3220
8818
2731
2517
9401
6248
1787
9379
2657
417
6314
1884
3793
9868
8134
553
1423
6298
4906
5585
744
3196
8576
2378
4121
266
3171
6193
120
4727
4465
7482
6126
6083
9704
3337
9085
5057
701
6053
8436
7379
2062
9085
8109
8964
2270
4919
7082
2239
1431
8699
190
6978
1530
3992
5363
855
2299
1941
4786
3133
7415
2999
2047
2311
8516
7040
4493
5044
4090
9708
9851
194
1388
6358
2344
3344
5760
7060
6918
7319
6183
7217
1026
554
7609
8894
3919
6422
8078
4668
4162
1335
6401
1498
5698
3953
1270
3275
9588
6908
6708
4153
430
5879
191
5588
9252
3014
4304
854
685
3590
8428
6919
7044
8361
9922
3161
8515
4050
9264
6381
4548
6790
5775
3565
4659
4603
3618
4621
6428
4975
8206
7891
6438
1039
9161
8964
1048
1638
6454
7312
912
4550
300
6436
9264
5829
9116
6908
7235
7701
3942
3050
4198
3990
170
3151
9360
8270
56
7115
7193
8776
5310
1984
3722
7845
1582
554
6162
5876
5523
1258
1899
3622
6900
184
3700
4989
5091
1875
4054
6587
1281
3420
1567
9677
1239
1470
216
3939
4536
4514
6505
4005
6912
7431
8514
4722
8808
2282
4587
3619
4499
5534
3148
1940
3495
3158
6699
6782
9769
958
9997
4972
3160
8084
8215
7313
6649
109
4288
6066
5542
7788
2936
8906
9474
4957
2203
6131
8192
9744
4296
8031
8916
2678
6020
9607
7047
7435
770
4140
2604
4401
806
9461
7292
487
7827
369
2660
9071
4170
484
3675
763
7737
9705
8290
5563
6010
1232
9825
5011
6396
8396
8319
1217
9231
7771
2053
1031
7873
4584
4666
3385
480
3823
4151
6312
1653
1317
6125
9956
1442
701
347
8774
9277
65
5278
6019
4265
6562
9489
2493
5846
4795
2603
5500
4200
2490
6964
8021
2354
47
259
8623
1303
1492
5424
9427
7199
6748
724
8093
9779
2601
9809
9502
4870
4711
4498
6776
1746
5608
3574
5899
2955
7066
1753
5390
7465
9083
2817
9435
770
9249
4328
5129
2590
3165
696
3629
53
9236
6363
537
8441
6255
3273
5547
1277
5347
5771
2704
6263
6086
513
3138
8528
1207
4168
7410
2768
4043
8822
4485
8867
5141
7898
5949
9126
9409
611
1505
8945
8247
9964
3489
7873
4676
5547
8071
6534
9065
578
4001
9559
4444
3597
9971
9572
331
3846
81
7366
2601
1142
3481
7744
4752
9734
81
468
8783
6210
5268
9090
1955
2044
1730
8380
8074
984
3801
5889
9234
817
2793
6408
7675
3292
1661
714
5694
1212
4868
6
5278
7346
1828
4623
9477
202
9297
1563
2300
9729
2347
1657
3593
2394
6953
7885
7801
2197
5777
4960
6941
4712
9839
2962
8562
7963
8504
3431
3849
1754
8662
369
6223
566
597
2596
5839
4855
8873
10
739
1204
1462
6315
148
9453
6163
2732
8547
2293
8881
8202
6644
8753
9544
9459
7233
9938
1681
8078
8610
6103
3916
5180
1076
324
2404
709
2287
5217
703
9133
5704
7025
7063
5873
1674
2856
8155
1614
5049
7365
6933
4662
7071
353
8638
4131
2696
4740
6723
9348
6411
8511
2417
3155
9530
8180
8027
551
5984
1132
1543
4953
2337
4296
8077
7674
5103
2682
6225
4556
1557
848
8086
8325
9348
2867
3239
7186
9487
3165
1535
9613
927
6803
7846
3071
806
2934
3084
9441
267
2263
1962
4279
9854
8802
4002
7714
9753
6881
8995
1936
5015
7086
9102
2532
8091
1637
6731
8437
1662
3550
5306
1892
6726
217
7256
3410
7285
3785
8374
5177
4522
6709
3243
1334
6903
8819
6846
918
748
5421
7834
2230
8852
4473
5023
3386
907
3359
1480
9071
9228
2842
8604
6156
6953
31
9278
8280
8395
6861
6687
9512
7607
8817
2709
5063
6895
2341
9922
6474
8728
8855
5333
1410
1568
7808
8157
1
7844
3506
7681
752
8690
5320
6716
650
9754
836
888
79
9277
9619
9952
684
1573
8038
4825
7959
3207
4098
6428
6865
4978
7754
1906
3048
1177
9002
1161
4315
5984
1008
8903
3316
4681
4387
8369
9423
2416
9283
934
5343
9971
1371
432
7205
5688
4090
4452
517
8289
9685
9388
1807
1730
1898
9165
3968
2770
7243
9008
6414
977
9280
4693
8795
4290
6227
3680
8764
7659
3647
8061
2799
5030
4119
4833
4178
3426
6767
6902
8150
8948
2220
1499
2717
2588
5240
4959
8987
1465
3275
3511
4199
313
27
5436
3955
1088
9574
1503
2169
2501
7551
6069
8997
6115
8825
4553
4670
8638
3210
2371
5018
3752
9866
8422
410
8341
7977
8178
2371
3850
1303
9837
6927
8258
5748
7772
9502
9446
4597
6856
3114
931
1031
4561
3005
2172
1438
2856
7454
715
7006
1766
9804
8892
7006
4829
5855
4207
4313
9778
3942
9849
6953
5653
9653
4874
6426
5105
2273
8630
2426
9375
2511
2692
4955
2475
5940
9017
3295
7553
3797
2664
4135
2449
7644
3334
4524
3646
5486
2866
2269
4594
1706
8582
9768
1397
4267
112
5066
8794
7330
3981
2000
7534
7824
9355
3142
563
5262
761
3269
3433
3517
79
921
6377
1764
7286
7913
1376
6502
5905
6684
7626
1693
428
4362
3416
4480
6714
7339
7969
305
33
6189
7183
4980
4836
9774
9612
4551
9742
8594
2425
4210
5380
6533
8950
7131
955
8417
6716
9354
5081
1592
3435
6507
9341
805
497
7626
8108
8770
3688
6801
8551
5151
2246
3465
1517
5301
2885
8279
2326
8879
6323
5282
455
7158
3669
3518
5333
1455
4350
6472
9259
8636
1863
7703
5901
8513
2522
3813
4181
2212
2229
4877
6333
6683
6068
6590
3263
4290
2909
2754
4917
6887
1667
5347
3136
6325
7520
9897
313
600
3136
7277
638
3017
4930
5242
9433
628
7003
9850
4654
421
655
6826
7804
690
7847
9477
1051
4374
2425
5320
9955
2565
2359
7115
9399
7526
9699
8295
8117
1487
8973
3025
3781
8588
2921
3645
877
164
3681
9119
3186
2308
2941
7417
5677
9988
3293
4967
1590
4154
8062
2881
4172
5775
1057
3456
4424
6796
5244
3275
4577
6365
3388
9259
1194
8918
728
7150
2657
3233
9488
7594
2349
5402
7324
294
3386
1370
9560
173
4719
3950
9552
5899
6812
1043
3909
6070
1260
7062
7302
4186
4115
5428
70
7247
2967
1081
8836
5919
9638
8261
401
79
3804
5962
8316
1858
1861
2746
1106
4982
5279
1892
4607
4775
6661
7342
2488
1634
7783
8433
5842
2283
8794
4508
1589
7925
7592
6289
5922
8110
412
4028
2276
982
9685
2617
3669
5595
5103
6567
133
9995
9866
6850
3538
6807
2035
8382
4147
2325
1468
3508
5530
9281
2117
6119
2745
1014
8010
7626
7870
2281
9616
7804
907
2447
2042
6596
9839
3339
5382
1542
4958
6738
6783
1495
9168
7469
8648
1559
665
5267
3023
6207
5596
6854
5698
7005
9121
1959
690
9879
2893
1543
319
5353
4731
449
3942
5196
6884
2626
9423
8538
8239
9991
6630
6130
2922
3577
5265
489
4155
6558
9287
6315
6069
329
9193
4945
3785
9022
3322
8718
5365
2471
5260
1703
322
7617
9212
4437
3038
204
701
6487
7010
9690
6731
186
1291
3633
9749
2835
4619
2929
8113
629
3551
8936
948
8226
1261
4489
2271
5035
6464
8602
3115
5025
7863
7041
9325
9720
1795
6974
115
3005
2720
2129
9472
6769
1488
8432
355
8325
5778
5968
5479
5635
9700
9682
9899
8678
8827
6370
2914
9785
1716
3387
3351
889
2958
6663
3264
3544
9805
9995
201
1869
59
5122
4029
837
9654
2384
5207
449
3057
9946
3231
8918
5894
8503
2027
1875
2416
8970
4068
3086
1538
3723
6582
5351
4774
7269
1623
5411
6400
6936
6168
1902
5638
2684
4130
9378
8117
4442
2032
1016
5932
1919
1098
8577
2006
3153
2175
3573
2588
9548
4622
5041
423
7458
6365
3472
6281
4434
7900
3072
2082
8400
4279
5607
2934
7076
4932
7898
798
6986
6236
1127
7911
4219
3082
5498
8919
8457
9500
3829
1002
9044
7353
8391
4816
3042
853
318
5798
7317
5737
2822
8902
9297
5041
2629
4742
2872
8102
5462
1222
7873
1415
9701
9569
4608
7396
9055
7579
5018
9257
7494
1083
9004
6947
3234
9350
940
1372
4003
5448
4099
3919
7648
1955
4271
7477
3053
2546
854
6920
1792
6256
9273
9973
5488
3592
7598
9117
2387
5074
5269
8649
8697
219
4829
3697
2754
9372
4770
1003
2441
6005
1941
9129
245
249
7437
8530
8296
6671
2050
2300
5064
4134
9438
7161
9927
1975
4422
7941
6968
2898
9585
4346
4642
972
6137
5247
3340
3230
898
4055
5798
2764
7447
2795
3769
8972
6460
7209
4380
9424
3355
1602
1883
2931
1518
9202
4001
9517
1328
804
8443
7691
2802
9314
2027
9937
4492
2295
5035
6196
2108
6439
4147
2121
4094
8905
2359
3750
6684
2946
8934
2150
4533
7374
3529
2622
7061
1892
3942
8176
8934
5175
4237
3742
476
8622
5594
421
3700
2241
4071
4320
8685
6427
4846
14
4042
7640
7397
5038
8882
8668
9456
9474
1200
5244
4012
517
9846
1332
1056
9435
1087
1290
4509
5614
9630
8719
1572
7649
4700
5069
4592
3123
8588
3927
8759
8304
3851
9628
3407
1511
1442
966
6286
9744
4977
9909
4546
8275
277
3628
5603
4182
3269
2824
5747
1321
6392
7826
3026
8821
3600
6827
3934
849
5710
3623
7888
8171
2663
1671
7898
7382
9272
1485
5003
9866
5944
2712
946
8980
4157
3229
1699
4
940
7916
79
2535
380
5777
6702
6096
5501
5843
8486
3332
7267
2166
392
3100
3343
14
4005
3398
358
3744
4930
3186
3069
5710
4693
1015
2438
659
8364
2871
1134
6818
3307
5902
6976
6037
1445
7679
6588
7256
2075
4569
5841
8555
5542
3974
854
9632
9710
4205
1034
9864
9258
6471
4470
4056
8337
6020
256
4279
5593
8520
3138
6714
2765
9184
8186
6736
4899
5884
9937
7779
713
4166
8840
6575
1911
5747
3903
8831
4276
3730
6988
9035
8885
9446
4813
6143
3569
2460
2502
6421
4894
772
800
3278
114
7344
5346
7715
2565
5789
746
7446
4521
4992
6165
8783
3255
8747
1668
1881
6478
6877
4220
6886
3366
1006
7400
5404
1886
1355
8466
1495
7213
9204
1884
1828
5003
960
467
6623
1928
2428
3755
5166
2754
7370
8994
145
7853
4694
2177
4115
3609
7462
3783
3521
5390
712
8572
9466
7899
2218
7978
9467
5722
4648
9488
3595
5192
9816
812
9834
8974
6719
8969
4211
7531
5561
2114
6810
8765
384
1892
704
5955
3006
9376
9175
7575
2293
4502
5515
8647
5546
3817
9679
3200
5304
6233
6248
5900
4117
1578
9957
7527
7757
1182
7323
6119
5021
4374
4466
4509
9667
6103
6634
6603
1088
8778
4827
1059
5319
8237
2300
4914
336
4951
29
5449
3964
4417
8456
6742
1082
712
9040
7214
3358
4709
1594
4257
521
8135
466
4773
8162
3866
121
9541
1576
8147
3254
5651
7451
9214
4683
1341
666
2256
3425
4579
1027
1691
8767
2601
718
1765
8315
6945
3445
1015
8816
710
4406
9460
5653
2048
3159
2049
8902
3951
8396
4921
9475
3830
2018
7683
9755
5548
7412
8776
8831
5596
8762
1251
2575
7354
9719
217
9310
5422
2258
4793
7065
8687
9398
2341
3385
740
9126
1351
7595
8678
1214
4935
7905
4268
6740
4614
3124
736
6883
8309
1212
3596
7464
8641
6141
4014
8839
1903
372
665
4632
282
8266
816
3727
7728
2672
2005
815
6162
9541
4733
69
9901
9354
7000
5492
798
8986
8340
2426
3932
9808
6169
5226
1661
813
8985
9705
3679
7764
2235
8071
7671
4130
8776
8975
1404
6015
4614
7063
6547
5574
1243
2908
5181
8847
7978
179
4197
6016
3553
1377
7501
3183
7375
907
2912
8674
1585
5734
3466
9821
5959
8377
7121
4371
1676
8236
9374
6592
2053
2496
6611
1892
1409
1526
920
5167
1940
3585
224
2677
7733
3951
8853
9464
1709
6449
6575
3174
8058
2718
8273
2439
8466
4633
8232
3933
1777
1018
7040
2762
6240
5383
4236
6312
5127
3392
2891
6479
5168
2713
1299
8527
7077
4828
3914
4724
4552
6570
8231
7094
7625
7524
9256
2525
77
7440
5471
7217
2418
1513
3592
9506
4764
7923
2902
734
325
816
6049
2452
313
6223
2395
7368
3503
9393
8991
9995
8119
7221
4363
4093
2384
7733
5901
8371
3813
7930
6588
3564
8141
903
1800
4739
2367
8845
8089
8082
5033
5247
7320
3513
9458
1267
6755
8536
4578
5312
8951
8554
79
7743
2668
3314
8964
9465
2177
9085
3405
7707
3728
2159
268
7852
5226
9177
8687
723
1796
3619
6399
1066
5929
2279
3087
5332
1976
101
7568
6174
3542
538
7908
9933
918
1681
7025
1092
5382
1135
3302
5527
9671
2769
9293
4578
3443
454
1696
1810
3023
8654
1661
9085
8403
4115
8906
8508
137
1989
4403
7768
3413
5975
5416
2294
3246
4420
4945
4730
7757
804
9382
1964
2586
5249
6200
1032
5931
9240
8032
6456
8888
7494
4955
2048
8267
9634
8500
808
6905
5648
554
9760
3919
4464
4560
7740
4783
1927
6976
5495
2210
4280
2714
9787
5768
1172
7136
4342
4142
7909
5857
1064
9054
1277
5575
7185
219
6568
5466
1480
6884
8358
2502
2339
8681
6413
6403
9893
947
7178
8970
666
2173
4064
2611
7815
3416
1413
7744
9516
9971
7257
6168
8958
4434
1849
3547
1731
4943
5858
4511
4915
7624
64
1056
7993
2930
3266
3861
6360
4060
7914
3425
5395
1717
5185
4432
6365
9560
1582
7476
700
2215
5042
5829
2722
877
7812
2591
4038
4736
8050
2457
2329
8652
6012
2162
1238
2240
608
2827
188
3968
8433
5417
9318
9550
4285
739
7506
5786
6929
3484
3903
1906
2797
9670
4298
8531
3849
608
808
7541
8644
3096
8927
6009
7690
4012
950
1247
5263
3111
2048
1459
7911
1468
1562
8678
1243
9739
4798
3553
8965
3400
4795
6737
1875
9439
6678
9770
2720
9598
9227
4904
8086
7116
1919
5317
108
1857
3934
8340
6079
8390
8931
3363
2377
9650
8927
634
4165
5575
8638
1386
4302
4383
2874
5061
7207
5225
7925
2653
5137
4453
3199
6533
686
6018
4000
7894
678
824
1684
5843
3724
3442
5138
4715
7082
4304
1068
459
5484
8361
4087
2880
4994
6835
9079
682
8891
5005
5485
289
2464
4634
2950
8738
506
3375
4498
5030
6274
2283
88
9765
2246
6569
8326
7990
4997
5375
1375
5128
8933
2713
8630
1226
8933
9957
6459
6325
4212
5891
4441
512
287
3917
522
834
5231
2773
5049
6385
5033
3633
1493
7012
6702
5130
5695
1894
7662
6699
5719
8105
7579
9392
1199
2645
1204
1722
1483
9538
5258
5035
2902
6927
8331
7982
2424
2799
7705
4716
4455
9252
5565
6296
8915
7490
4953
1967
7941
6970
8029
7801
2131
521
2026
6536
3635
7743
9024
6104
2455
6279
7196
6030
7364
9388
7313
258
5834
5006
7290
2763
9555
7841
6862
659
4017
8213
1125
670
7624
3671
6593
3719
4742
3335
3610
8993
7913
3585
9301
646
1322
6657
1098
5599
7695
9116
9144
6115
864
5548
2561
1609
5131
2251
2301
2097
4410
3015
3267
5010
4603
89
3425
2221
840
7716
3541
8168
7122
4722
5032
4412
7669
4828
1259
7532
2576
6608
9498
9582
177
1833
5150
6217
1251
9350
2011
7642
418
7400
1674
8696
630
2413
7998
9146
7880
8125
130
409
9901
5451
1366
4778
4728
5425
9664
9740
9609
8934
8163
1947
7580
7522
6260
3903
9566
8512
728
7965
3445
719
9822
8343
1637
5604
4250
4757
3503
2919
7154
4654
6168
7618
4046
4534
812
1057
4542
7795
1432
5120
3869
8578
6369
2431
1456
2845
6090
1937
4422
9202
620
6781
4051
3373
990
6166
7575
13
4995
2768
1849
2299
7684
228
9942
7536
3217
8071
9544
1749
3812
7222
4609
5114
1714
2449
8551
3184
5745
3942
8449
8003
6494
4935
4483
5943
835
4032
1030
7311
2773
6247
8470
9474
3019
8518
3045
3668
8638
4734
4011
1380
7809
3390
6917
8758
6531
9780
8039
3568
7282
4105
8955
3680
6481
7765
1824
208
5832
9511
8352
8472
1621
9886
2555
2448
8463
5580
2923
5576
574
9546
3714
9596
9919
9727
4587
2241
2596
6230
416
7758
1906
8049
7444
9649
5887
7165
2289
2204
5922
9140
7409
3705
6919
4498
3510
1763
6030
877
4610
6243
5508
4573
4824
1044
4842
6840
2633
7430
2581
6077
6747
5735
5690
9395
6171
2055
7373
4905
245
1812
7324
3913
6986
4035
1696
7948
5967
1654
9401
1373
7379
7864
6664
8174
1079
5039
8597
4563
9319
5993
9824
1486
678
2877
9261
8033
4101
1308
3781
7764
774
1668
2469
6953
6229
6157
4621
7836
636
3499
1502
3616
9382
8687
1881
1196
5006
4118
2464
1156
7625
780
7365
8593
9915
5040
1452
1213
7651
5463
8442
9804
5265
6497
4270
5357
1811
259
2339
1274
8719
4572
2000
693
9544
5169
4726
9587
2804
6743
6629
3464
1518
5550
2012
3278
3149
4602
3595
1380
9413
2481
2131
6545
9994
4658
6621
988
9476
5469
3250
279
1250
5911
5464
8122
6710
9941
5129
5818
4965
7824
4022
304
2407
8524
7199
2999
6832
6565
6199
5059
512
669
8742
4743
1628
6551
5443
7265
580
8961
7748
6453
9282
3302
5271
4730
1090
4260
6872
1556
1736
2570
8687
204
1498
6528
5473
1119
2934
7141
7623
9460
576
7687
4993
4250
9365
3662
1877
6446
9736
6900
4522
7189
3754
915
5129
7004
2360
7683
4441
636
1928
6084
4414
7047
9181
2170
4874
3509
1277
8660
6831
9257
8450
330
7312
8172
1329
379
2329
534
7783
6681
1364
8958
8527
2229
1623
2367
1477
4891
4279
752
3189
5201
973
9344
4014
9989
8781
1545
765
8792
2172
228
452
9923
1879
662
9484
7942
3005
4139
4600
4729
1409
7094
7225
8444
3265
1516
4589
1972
6270
2565
1491
2851
5925
5270
4001
9709
1089
6655
6478
744
9858
5459
753
4558
5605
3252
3127
5735
5874
2843
9762
9756
9327
9271
2002
1465
7071
3363
4370
204
9039
4806
2064
3833
2790
2953
2182
5004
8980
700
1332
5713
5626
856
4528
3695
7698
1748
2667
5127
1217
226
8024
6196
7734
732
4212
4708
2049
6319
6439
8524
7760
4265
3320
2689
7631
4342
903
7989
4508
7978
9176
7286
8368
993
8346
3270
8515
6618
1662
3725
2747
6548
3549
339
4115
8490
6626
3052
4666
4962
2276
2988
8074
6715
6997
2313
7059
2631
1928
5005
8006
4179
6146
1767
2106
1732
9313
398
5661
2684
8534
4190
62
4158
4583
5265
2683
3599
1822
7270
1070
7893
3283
303
8545
2381
3870
7711
251
7991
9922
9276
2997
6892
2389
9954
660
3083
1148
9945
8043
212
1123
80
2991
2001
7193
7734
860
9874
2941
9757
8341
6690
9077
3457
5570
5691
6352
7366
3369
607
8658
759
4446
4539
7838
7200
132
8806
4265
1212
4397
3663
4532
6777
1066
1767
1446
9795
5537
1605
9068
9558
1753
3038
8405
5028
2565
8806
446
9466
8090
1097
5182
1404
4487
3185
4033
7262
5503
7523
3614
6929
715
2098
6379
9769
8873
2014
5990
4731
812
1301
2347
6473
6882
5538
2710
1439
3717
8030
2774
4119
7131
7196
6805
4290
2862
1792
6897
1540
6854
9816
2078
9947
22
5236
6479
2888
8913
2558
5174
9764
7041
4942
3813
7734
5467
8785
8181
2858
4990
7252
6731
9228
9192
214
3206
2774
5199
2559
1163
3378
5964
7246
6205
3463
8751
421
4737
704
5753
467
1831
5854
6587
3873
3062
1932
9729
8685
4758
3113
7340
7719
1927
4603
7489
29
4424
115
1819
2979
1511
2712
4392
2598
4878
6021
2860
4282
4872
9561
8529
9264
8932
6990
8100
6787
523
957
1557
8793
84
5622
6951
4423
780
8582
644
1896
127
7838
1839
6157
8431
7055
6865
7025
7830
7604
559
6700
9927
9558
6835
5788
5267
6389
7654
5308
3161
813
650
5191
6455
3829
7239
4784
2629
8531
9617
9450
1008
8600
4561
2120
699
8352
4288
5887
6001
2006
6235
6620
5573
221
3426
7094
1340
7194
2540
6350
3089
7035
4631
7177
8052
2350
1775
8083
7080
7889
5267
4604
5830
2013
2885
5559
367
9774
6456
7797
2845
6602
8232
1615
402
327
7955
7539
9795
8021
2383
1087
2194
6981
1852
6449
8510
3398
3941
4038
25
2758
5618
5697
6544
130
915
6680
3168
3958
619
8396
4245
6538
2126
1165
5587
4853
4244
9135
5186
458
7437
470
7925
7170
6736
8677
7165
8918
1915
3635
3887
2669
4951
1721
9085
3632
6967
5845
6770
2017
5115
1336
2892
3263
8865
9637
5940
5260
5301
7409
4156
5449
7497
8757
2195
6089
2169
9610
3381
4677
6693
6052
7789
9415
7262
3905
2714
532
9595
8086
5499
8396
3689
8989
781
7983
6784
3253
3152
3198
7716
5632
7428
963
4050
7577
4751
2709
4974
8816
504
4630
7498
7123
749
4916
9342
705
7105
2599
3295
2810
4731
5722
7718
2600
4995
6270
2286
5430
2301
295
7029
9851
5683
138
8549
8313
1044
7811
2636
1914
475
3556
8367
7070
9378
4618
3361
1089
1404
3707
2349
5285
6491
8488
3050
9346
6723
5435
5016
8599
9069
845
6057
9324
1690
1144
5502
2164
8316
8519
7896
2652
4458
3227
1380
878
2280
6817
8219
76
3393
7764
3525
6120
5367
5766
7445
4052
9462
6058
9138
1372
2632
9903
3250
9678
3351
9547
6109
749
9832
4242
2211
3745
8585
5543
1321
6331
9721
9385
5531
6937
2693
1145
6056
198
9470
1444
4805
5803
7999
9963
7769
5329
1671
9918
9898
2274
6001
2995
9838
9454
9547
1231
9687
3836
3945
497
7920
1078
386
5204
78
3855
2201
6773
4511
6739
4683
2791
6884
2712
5470
4815
1556
3516
3259
7238
7552
9278
663
6932
1599
4581
9010
4272
7956
3747
8595
1227
5436
2115
1444
2134
451
3648
3832
6298
5392
7812
2285
7940
6647
3571
7862
1562
897
1486
42
7551
3439
7008
5706
6839
9313
5862
4912
3454
890
3223
472
4502
9235
1538
4667
69
4577
6912
4890
7568
6749
7322
9736
5626
2091
9841
595
8071
4067
4773
2857
2189
999
4309
1872
5932
3947
2968
7184
7411
6602
3474
5005
7078
3192
4694
1297
8999
9795
7518
8379
9318
5329
3350
2281
9385
3412
216
5384
6636
7890
1398
5016
6148
741
53
2415
8733
5453
5088
9306
6692
293
2551
8572
762
6114
5211
9461
5100
4379
1913
5877
2823
5387
7406
9452
4677
5154
6305
8402
1841
5516
9515
298
29
194
5820
8363
555
7169
2387
6233
2268
8060
6823
6887
5256
3877
4528
8732
7962
5986
5140
823
3373
7300
824
9630
1415
9436
6197
1171
8449
6709
4242
3235
8273
9750
8476
2037
8126
5523
7135
8175
8426
5853
9134
2768
5246
4462
2674
5402
3652
2997
7465
1337
9972
8119
6580
1422
5993
8406
5870
9596
3954
9980
656
4166
8123
9252
8660
8822
6064
2993
8358
643
7408
2379
6313
5386
8167
1722
509
5842
4865
205
9207
4171
365
697
8428
6013
6369
1089
1876
2102
5146
2541
7084
9081
163
9613
9810
958
1603
8451
33
8408
1955
7634
1954
4491
8557
5781
3458
6147
8994
4806
2145
8140
1921
9737
7520
9116
2986
2764
2231
9208
4161
9654
8871
6239
7155
267
6749
2191
718
4827
2015
5292
630
9048
1088
5644
1091
2771
5375
7043
2470
6799
6645
4027
110
7880
5584
2614
4160
7948
9024
8651
4073
464
3514
8707
4290
2862
8730
2425
7287
2591
6319
255
8377
8765
7554
202
6524
1040
7388
5883
2809
1902
4008
5283
2039
2242
2605
5443
9853
172
7743
9738
184
5455
6344
228
69
5853
2544
6979
4746
3455
3098
3895
5839
745
9886
9847
7752
170
9506
2313
7673
2177
2817
3892
7491
1803
4038
3026
7413
2501
7805
655
1652
2246
2210
3776
7946
2429
7965
7030
4606
6629
2376
7135
4240
188
2615
2007
5930
8942
786
9962
1532
172
703
6172
7207
5735
6407
4859
259
8065
3624
8616
7845
6066
487
5315
7220
2509
1383
656
3072
5067
1203
3926
3654
7148
571
3255
8248
5283
2340
6794
7
8989
3154
7045
9963
1557
5680
1051
1199
4426
8862
9609
62
7216
2836
4032
265
7485
5073
1311
3613
1580
3938
2370
216
2664
6451
9569
3837
9026
2868
1009
7050
7735
6601
9677
2512
7160
1683
1375
9579
2907
8780
9920
7652
521
1021
6870
5929
2871
708
4335
1165
2023
5913
3789
6265
1280
5017
3422
8951
7504
1339
2531
1584
5670
2374
1287
553
3991
872
2666
5778
2093
6895
9379
1901
8143
4774
5126
7830
9090
7105
2487
7134
1342
9917
9268
4442
7105
3698
4490
3079
7685
5698
1869
6086
2015
3951
1987
6439
3077
4506
773
9931
8044
3843
6506
3948
8924
6471
4923
6272
8728
87
3463
7957
3657
7906
6974
1206
3414
3616
9027
8724
1552
6534
6220
8216
5797
6069
2283
9246
9305
102
8502
2521
7142
5936
7741
8852
1394
8545
9705
7185
9926
2199
6265
1159
6934
9348
9808
9368
6461
2046
7330
9403
8425
7108
3355
3069
1722
3622
8548
2661
7824
1574
5050
4683
2798
5831
2672
5276
2499
8266
3522
5618
7920
5199
1956
5661
9203
659
3033
1262
438
8985
4371
4912
740
136
1365
9293
6716
6263
1106
721
9803
4686
9138
6532
7986
3396
700
959
6128
6858
3534
9588
2719
5381
5315
8703
1083
7548
525
5942
3344
2455
8491
5959
921
8735
3733
5143
8602
6001
7615
8269
5947
4974
7256
7091
9036
5254
4085
6006
8277
8359
5314
7677
2426
2252
5458
3269
2890
9671
9662
842
2327
1886
641
8740
5431
1579
9283
4439
5037
8685
653
927
5524
6394
6474
9998
1818
8348
1504
4268
5620
7145
9348
9943
5100
8916
3295
108
6638
5546
8288
5985
8525
5350
754
3297
7628
5765
5406
104
1718
2950
989
3570
8357
1305
7561
4141
8318
8889
8082
9924
8781
4132
8139
2453
4686
5398
5797
7034
8014
8827
4502
8504
2494
2055
4569
477
9965
5288
6851
9853
4544
5187
1993
1589
92
9964
3595
4887
5228
1061
3186
5264
8637
7211
7767
8687
7617
6944
2367
5819
7873
6474
8551
3211
379
2768
4977
2517
653
5199
288
9478
3379
8912
6455
8679
4452
2813
2082
2795
3293
2380
6199
2431
653
3673
2638
4655
9780
1191
5674
1006
6024
5037
35
1289
6688
5955
9506
7997
8166
7337
7585
6113
4317
773
6378
2975
7331
9870
8814
291
5011
4961
9423
8701
701
880
5902
8679
8766
8977
4513
6590
9738
1525
154
2945
5943
2583
5383
4054
7018
567
4018
1854
5384
524
9011
9597
5619
7236
3116
7726
6203
2282
9267
5701
565
762
5873
7585
761
9985
8094
5358
9247
8637
3673
1754
8573
6788
3032
2235
8297
5310
3051
4406
3100
9272
8959
3168
4973
6142
352
4626
6071
1939
2588
2643
2140
125
4849
8518
4750
2331
3852
1072
9468
3860
8848
1489
186
1477
5411
5099
1221
5224
9213
1168
6620
1899
4180
5142
6333
364
4963
4493
2102
211
5850
5190
7706
8724
4083
7875
8369
2016
5335
312
9183
3966
7596
5144
4970
5972
6047
424
2927
1597
4174
4943
6125
7489
8279
8525
4735
1596
264
6970
7265
6357
3156
4686
9320
587
5429
2995
9212
6322
6966
4980
3513
7905
8423
9712
7978
3045
4454
3689
1444
9713
2783
8553
5739
2496
4931
8524
4697
402
6910
9381
5372
3085
2931
8771
6267
6177
1133
729
955
344
1164
8246
2735
1618
7914
7576
7031
3763
7679
3773
6962
5414
1167
3967
7394
3325
761
7800
3312
2597
6948
1839
2073
7024
4688
4742
6579
9975
8653
7598
2544
4614
5106
1377
164
9957
2811
4331
1774
9958
922
4862
1083
2527
1954
4249
996
4688
380
3172
511
7872
9297
1796
2498
2876
8951
5403
47
7420
3744
6425
4881
1534
8354
7544
500
9518
6124
7443
1954
9777
4322
4246
1792
6620
6207
959
6854
5748
3173
6435
984
2431
6312
5808
9876
228
727
5226
7282
9439
5775
5058
1972
8107
9525
211
5907
6677
6620
2768
3470
1497
3411
2601
7143
7571
9808
4713
4566
8087
5947
565
3053
8166
1107
2252
4730
8898
2300
3172
527
7785
5003
9103
2473
1877
6852
775
7569
6559
1731
5266
7298
9176
220
1638
4103
3533
7143
6311
3634
9931
8970
1944
391
1906
5565
1916
7285
2273
9410
105
7180
6604
4986
7005
3300
2
8751
8200
3029
1332
3421
5684
335
6377
2478
9728
4225
9352
7116
1435
1283
1122
5358
7288
3628
7245
4174
7949
3800
4886
4306
4082
870
1884
6620
5091
5865
1662
4386
6621
5116
9303
442
4527
9104
678
5370
3831
2923
8883
4456
8450
1435
8834
9722
5559
6906
9707
791
5437
7258
2601
322
8602
3719
3561
4627
1766
6078
2132
7678
4661
4880
6226
1431
8391
3455
8906
7575
9272
1615
6133
9580
1718
6158
4710
7824
3144
37
8767
3315
5158
7247
1877
2007
5593
889
5224
5191
1461
4992
3810
5178
9717
6342
2590
4299
5718
7816
3207
2726
1970
8550
6060
4669
562
5438
7554
623
7699
7414
3138
8798
665
7333
7575
7193
602
7194
1275
4059
6858
2321
6710
9239
5311
9819
5961
7004
8873
6723
4928
5505
4004
4812
7993
2776
8673
7115
2477
9582
2914
207
5483
6431
6081
7789
7195
3744
9988
1134
5149
644
8637
2141
742
5574
2350
2924
502
588
2245
4044
1245
4546
5298
1354
3862
7607
4655
18
3839
3803
1018
1003
7721
3538
210
8552
4162
9731
6353
1924
7981
678
9252
4128
9711
5087
2630
6736
1230
7007
8916
9466
7703
964
1660
5261
1689
787
7635
9847
6062
4813
2157
7262
4340
627
6465
9938
5129
4898
6098
5364
1536
2283
1787
6612
1327
971
3647
7431
3688
6238
6569
9212
6893
7018
5172
590
1531
9216
5383
9061
1620
7906
7116
7843
6020
6288
7538
1432
9172
6700
2999
7887
934
8274
869
2319
4763
7124
6742
7628
991
8107
2053
7485
5284
4920
5096
1459
4385
991
1148
642
7631
1572
1996
3771
2602
1091
9246
1426
4407
4313
7164
8191
1500
3047
5071
3987
6019
2192
9308
7272
6112
2167
1285
2094
6119
7135
8823
8434
66
5421
1218
2415
3741
2473
8531
1155
5779
5116
3281
271
8787
7852
4323
5488
9291
8360
768
8429
4556
2829
2032
8565
7972
4561
7909
2301
6478
9390
4084
457
879
5889
464
2068
8079
6024
3282
2460
2770
3085
6870
7449
3056
1903
2370
3920
3677
3679
4713
8380
2489
9407
1495
2924
6451
7431
1933
9750
9424
8416
9602
6023
6048
6543
5847
9389
1969
8635
9655
5066
1018
6585
263
4765
5757
521
7059
9870
2898
2896
2836
2303
2502
8416
9087
209
7538
4798
4699
9727
2541
6026
3875
781
5609
3109
7346
5259
938
9153
9255
4940
2751
1270
970
2319
9490
6197
8220
6393
473
9921
5614
7271
4390
2250
3159
8080
3872
9287
3171
4747
6001
7000
578
3833
2625
9352
1821
8421
1122
2826
1761
4540
5392
3092
6679
3536
9191
3387
8053
3055
3928
8942
5473
7061
928
7804
1283
4202
791
2311
4447
3068
5108
3920
5728
5669
3011
7760
5608
7033
8977
5955
4542
1649
1505
24
7166
5219
9150
4875
874
2031
8370
756
4578
7176
6508
2556
3405
1889
2461
351
9550
7415
2028
8426
6952
7989
8986
3034
9821
1296
9125
5090
2182
643
5712
4329
2470
5867
897
3849
4068
6454
758
723
3845
9716
2304
9978
2650
8131
2171
7779
5815
1644
9232
9886
9032
702
4771
2542
2010
5301
6746
7592
2083
936
6732
9321
5634
5590
1834
5833
5628
4263
5230
5625
1634
2417
4289
3191
7329
2846
2595
635
3121
5427
1289
4360
6993
2437
5935
9871
400
4662
2765
4648
9930
9278
9602
5376
2701
4262
6288
1575
1748
8047
4082
474
6951
8803
3439
2997
6184
2277
9266
172
2787
768
9800
6600
6441
6324
6647
7174
2647
5541
4078
867
4669
9380
8547
3040
316
9554
1144
4601
2330
5617
826
3838
326
9835
9567
9921
4388
3612
4530
9535
766
5872
8541
113
30
2498
7963
1460
1717
7076
1422
7717
9276
8178
8464
6202
3183
2042
671
6277
8340
9203
2841
1499
5205
4359
2684
1120
200
6290
4635
9443
9886
6448
2312
4242
9594
3670
5111
7429
2935
3424
3590
4904
8109
7745
9076
2281
7811
3584
4561
5961
8186
9098
1693
6291
8314
299
9120
876
5348
4724
3643
6024
2260
1701
288
1616
7884
6032
2705
9429
8979
5734
4808
3415
3605
2414
5317
7811
7535
5969
4847
4473
4050
2872
6721
9596
5388
9457
6475
3736
45
7639
9832
5981
5842
6718
1934
9130
6348
7939
3983
953
7704
6855
6580
5837
5107
9763
9987
565
4923
4588
3294
2652
6082
2581
3298
7164
6737
2806
3795
1471
3996
3918
5853
3362
3280
5237
175
8674
690
2457
575
2041
8900
3734
3650
270
9507
6477
2745
4682
9173
2029
2698
3803
4969
205
6144
7830
4266
2853
1488
6975
200
4702
2130
736
3133
9236
2668
7100
1091
1652
3713
5558
1232
3706
5997
572
2265
6679
6352
5791
3434
4118
8606
1896
3103
7901
8723
3684
662
2015
4264
9129
7024
5969
4290
8181
172
3589
7009
5581
6742
6685
3165
8644
1082
8653
4441
3629
8567
5417
4704
4973
6951
88
116
169
2230
7571
4420
9983
1335
8665
1398
5960
7706
5575
2512
4816
430
9962
8190
4888
4885
3802
8491
526
6092
4321
9024
7916
3493
231
6727
1959
7031
4666
8444
7643
4389
4001
9823
9587
2435
4432
7087
900
954
167
9045
8709
8684
4787
9798
361
9142
6984
4380
5343
6715
2520
6008
5536
7083
552
6069
577
278
7642
1068
1419
8737
2113
717
8464
7301
7711
5789
8878
3409
4578
805
2387
4773
9992
6434
7419
8710
5854
2253
2930
8145
1891
1187
2299
5810
214
8794
3613
4512
4279
2804
5256
7628
3112
9302
9626
1533
3976
9922
1516
6847
2808
5948
927
3624
2362
584
5113
1727
8257
7381
6184
4956
3000
3608
5818
2763
7272
2317
1685
8039
1086
1652
3201
3804
738
5026
4765
4548
6097
7348
9154
7506
62
9992
1910
524
3586
4116
4872
502
907
8548
5213
2190
6432
298
1214
9292
4327
1525
4743
2450
751
5463
6963
5124
811
1193
7288
5065
2254
5838
6885
7652
623
7739
6487
9800
8357
7465
1221
3592
2638
5456
4420
5236
1298
9834
5095
4125
1504
4541
2759
3831
501
6497
4836
4243
465
6704
6787
2160
272
7067
549
1333
482
9701
6339
5032
7222
1623
5945
9865
9245
1230
6064
5147
9799
8364
7792
5513
1791
6695
7957
684
8322
1203
1723
6866
4280
8094
9655
8065
6725
5235
8674
4919
4434
6788
3698
7910
7752
5349
8493
8166
6562
8344
2465
8250
2514
2522
6691
7870
129
3903
8405
4712
5662
8048
2381
7419
164
1692
6239
4517
8608
4463
2332
7937
746
9017
3741
4636
2379
2775
8780
1492
2921
8444
8945
384
8151
9018
6967
5417
8841
2471
9313
7309
7608
5156
2128
649
6317
2390
3264
2467
2097
3301
1808
3813
6935
7590
7843
775
7206
7634
8272
2336
2654
2956
1537
9086
6117
7569
4958
5644
438
6216
3245
385
6100
6627
4923
4603
7714
1909
5310
7268
952
7005
9461
5306
8967
4791
996
380
8542
3367
239
7457
7765
8686
6051
4743
1138
1888
3259
3907
808
3542
8542
732
7251
1789
9906
8762
9402
3876
249
6847
3522
865
5588
373
7867
7378
9718
5382
201
8442
9497
5265
8547
9321
1730
8034
1966
3269
9249
139
2558
3501
1661
12
3822
6426
2635
933
5844
2778
9953
513
9876
7176
3906
8757
5960
8376
533
5236
2895
1747
7045
9858
236
5280
1105
4844
4940
8917
4908
2904
9569
9485
3116
5930
1854
7786
4722
8884
2498
373
3260
7238
7316
2670
5292
9085
7473
9871
9413
7289
141
1884
952
7290
6599
1149
1919
801
409
6499
6728
3341
3120
9515
6335
737
744
5418
9923
8109
2014
7472
3088
1063
7789
9172
7169
3523
57
5785
9322
6639
5387
5598
9974
3606
3146
4433
2203
2670
7263
93
4194
4357
9091
3333
4506
4710
9210
9342
7475
4494
2266
5541
4241
2125
2614
8201
1563
5531
7331
4140
1654
9463
6993
8957
5184
391
6494
2131
816
9345
9218
6371
9503
4106
8163
446
7081
2155
9393
2170
6605
6616
2498
3215
8799
7151
3866
4649
8766
4976
1001
7190
5196
9259
6635
7099
2702
6429
6323
343
2588
9948
6087
2290
1582
7001
7069
1792
2007
5438
7046
1323
1911
6902
5711
5216
6985
1711
7989
9405
8719
154
3747
340
5687
2326
3794
8377
7029
5691
2670
1760
9246
9646
8614
5396
6685
3545
4436
5581
5475
4094
4000
1974
6424
1858
1148
3659
6448
6952
195
1485
6700
9587
7886
6705
6735
1989
1193
9731
7484
5090
823
1875
9800
4497
3780
8790
3673
6055
5192
3082
3018
3138
6441
7120
8948
1539
3712
8340
4374
6528
94
4606
6019
4919
915
6937
7508
4832
5888
6078
9419
985
7693
1801
4415
6786
2065
494
64
3661
4746
1405
2556
1887
1871
5123
5806
9563
9378
462
7817
6114
4047
7382
8230
1160
9494
7627
8751
4
7270
4753
8607
9515
8172
4163
8179
2915
6957
5332
574
4646
247
1656
6070
2643
3850
6551
3757
5747
4211
585
1893
5671
9175
2289
584
294
3206
5726
4843
4068
6990
4855
7984
2953
6243
8923
2543
4560
425
3463
1394
9904
8573
8013
6747
5938
3962
7452
2984
1192
7740
5950
3117
8807
3954
3007
991
5111
8895
5145
1721
9952
8871
4960
4182
3116
5218
2993
6092
4937
5269
3811
1105
5775
9694
9593
986
3180
1646
5926
1851
3801
8999
5059
9513
1244
3167
8951
3197
8764
8069
7022
9758
7274
6461
2495
110
5281
4687
3315
7815
3296
9373
5972
3141
6253
1918
771
7433
7004
9956
3796
9026
5507
8138
7627
59
3845
6136
7387
1701
2836
1150
3735
3877
3306
2061
1246
8365
6607
3144
1876
5976
7274
345
3195
1875
61
2343
7911
428
7610
5899
6109
7266
6218
8867
3604
9954
9457
3205
7767
8451
9122
8091
861
4829
651
7793
6389
3557
8864
9239
3582
2525
8511
40
6270
3938
3038
9261
6942
8265
9363
7085
1452
9659
8623
9165
9854
2117
3333
7182
4990
1385
8269
675
9572
574
7412
5492
3756
5101
5507
9791
8853
7805
4711
6105
9304
1402
8795
9074
2561
2672
5978
9424
7915
9002
7665
5710
7968
3189
9212
7636
9983
490
1499
711
1039
4285
1070
3816
6209
427
6493
5849
1249
3942
9655
1839
8988
2130
1059
8064
4197
8405
5557
6853
6887
1439
7985
7347
2745
1183
1923
4468
3347
4347
9591
3698
9053
4466
8263
2983
4701
8465
6616
324
7991
4834
1068
8244
2972
8205
4851
907
3841
8979
2965
5969
8062
2612
5904
4471
377
9421
192
5954
376
9112
402
1784
2871
3814
1204
3519
1420
8945
9217
5472
3152
5817
4812
5293
2330
2330
3149
6926
1320
656
2111
1292
8137
8065
4859
1078
4308
8047
6178
2140
6475
3707
8621
1623
8421
2310
3887
9987
6270
5612
7297
6208
8363
9337
3984
9078
337
6045
5491
5413
4689
8283
223
762
2846
9099
2607
2965
2960
6161
4496
6300
857
8514
1553
946
3753
2374
9841
5751
4393
4771
6353
2136
2769
5710
751
4134
1346
2925
4280
1445
5428
6315
468
2440
2738
1772
7784
8066
839
9289
6734
3655
1436
2430
7613
1233
7149
3291
5384
1022
4961
7143
3387
3011
2498
556
1219
4680
5213
6083
5464
8783
4089
1358
6316
2201
8461
2300
3887
4215
5503
6747
5083
1088
7805
1187
1659
731
2388
3784
6829
7036
2362
4692
4037
9066
2206
8133
4601
7265
8913
9334
9561
2784
4635
9353
3430
1809
4377
1597
389
8048
453
5171
2710
2705
6776
5749
6493
2480
2697
8180
2174
6014
7954
9538
917
8885
1961
8772
8680
5915
2011
6403
4442
8338
7048
8727
2661
9055
6827
5191
9691
5764
2885
3548
7080
3735
6089
8965
2631
4710
1138
6856
8427
4810
7699
1039
4356
6286
8656
3542
3613
6413
5541
5577
7050
9903
4170
3546
2533
4578
8827
6339
8802
9673
4184
3181
5685
4768
7300
5653
340
1614
9752
8316
8826
