instancia_1000_CR
COM_REPETIÇÃO
1000

256
764
641
330
637
440
854
105
818
844
741
231
490
510
796
3
305
490
833
352
321
199
51
740
448
883
979
770
913
389
602
836
107
123
37
771
174
656
570
598
605
101
307
496
331
290
802
818
752
540
676
917
290
825
740
744
622
32
617
344
579
653
354
878
754
5
38
475
351
434
250
846
727
782
406
205
469
655
481
152
771
949
337
158
617
531
127
43
63
928
859
82
987
403
272
625
634
66
567
275
157
466
138
424
439
66
261
620
996
641
106
721
852
794
661
358
804
384
274
313
449
209
40
608
467
244
665
831
122
35
679
696
145
172
9
725
904
158
441
82
300
3
834
739
314
286
233
930
74
689
575
815
485
883
505
325
41
946
538
893
473
716
741
133
51
571
530
148
260
790
347
68
156
215
345
436
879
676
179
284
998
498
503
546
317
927
772
970
333
182
491
993
318
108
34
263
952
800
678
368
461
366
907
876
839
721
110
753
140
432
965
437
481
836
856
193
571
464
20
914
516
308
58
50
702
69
447
627
932
458
861
259
860
247
712
728
949
199
112
807
598
879
592
765
366
81
956
344
544
255
692
790
775
366
656
829
444
344
143
77
731
631
444
774
226
809
504
199
661
123
443
967
945
261
351
186
248
868
916
75
279
649
509
644
19
512
420
41
339
285
833
879
683
609
729
401
694
693
139
845
756
155
447
57
534
269
334
521
103
3
107
923
586
401
911
940
369
339
848
661
962
969
469
423
65
172
922
495
919
738
755
980
587
475
478
454
875
531
329
236
978
704
694
952
49
90
637
272
211
59
882
654
162
309
677
845
442
597
214
112
898
493
229
861
612
29
550
161
609
12
206
240
220
870
776
440
827
511
973
380
188
720
612
499
239
965
230
313
216
558
791
198
978
79
421
695
461
631
626
188
307
918
992
509
796
458
347
286
476
725
361
392
607
30
762
350
277
107
692
769
474
783
733
52
196
411
319
743
75
831
15
791
18
827
797
533
728
534
755
700
814
395
827
436
763
25
884
354
276
823
530
219
449
972
711
252
311
682
224
13
482
169
659
454
429
867
994
435
357
87
865
700
633
842
734
289
445
117
250
194
143
173
272
965
250
512
573
781
183
835
348
839
781
719
586
837
336
257
695
575
492
689
131
445
200
39
388
804
453
859
28
407
866
122
977
534
453
905
903
280
405
762
206
442
432
794
868
728
98
263
861
880
804
214
950
410
87
240
480
764
375
428
208
775
350
334
701
298
153
969
240
380
860
845
652
358
470
118
143
808
402
563
442
704
489
409
300
885
538
796
123
997
358
735
24
262
33
325
596
198
96
223
775
701
473
470
100
738
129
722
66
253
388
681
772
992
718
991
942
139
966
125
515
791
515
596
912
447
819
546
417
889
217
350
44
463
171
232
476
502
587
732
925
254
793
12
46
415
413
64
289
604
502
120
793
614
150
76
636
369
889
711
266
412
339
292
398
259
337
703
738
875
297
41
95
338
235
168
740
792
715
451
728
941
448
302
345
973
439
913
296
315
775
628
863
876
187
504
597
391
502
574
404
898
536
361
969
951
331
120
975
753
6
682
679
639
507
170
362
323
752
957
110
533
807
716
75
186
900
196
986
286
625
596
38
680
897
543
683
741
409
629
878
230
796
66
123
658
472
347
398
181
428
144
456
970
246
518
548
920
178
556
437
563
433
262
929
284
172
343
718
560
175
377
569
290
846
351
718
796
158
557
48
543
740
247
635
862
653
153
363
991
364
53
956
269
535
83
385
239
809
544
49
830
325
286
660
411
31
286
811
478
709
109
11
182
466
267
604
242
263
836
124
340
692
634
527
736
730
993
737
778
616
125
775
547
546
920
700
225
660
851
55
127
184
849
101
838
708
959
203
689
928
203
430
43
949
260
281
50
25
527
853
301
893
125
144
41
308
922
83
727
392
39
58
390
441
628
312
475
523
805
399
417
799
237
655
694
104
401
171
238
61
972
67
513
24
503
568
794
279
740
672
530
354
107
737
721
500
821
787
560
24
916
407
813
187
586
439
819
957
995
234
293
218
1
570
899
340
948
645
130
316
444
620
746
343
109
36
852
143
499
677
557
157
475
265
963
207
113
158
58
585
743
480
945
453
676
216
610
959
855
502
375
763
493
417
203
855
713
838
937
537
373
118
553
457
814
346
303
108
549
564
95
305
773
120
45
858
477
631
730
59
447
310
815
984
223
49
366
578
460
441
855
289
985
127
776
322
153
182
395
843
536
707
23
579
104
479
450
